
nm	Data
370.0	17.64
370.2	17.61
370.4	17.65
370.6	17.74
370.8	18.38
371.0	17.46
371.2	16.59
371.4	15.57
371.6	17.18
371.8	17.51
372.0	18.54
372.2	17.50
372.4	16.11
372.6	14.58
372.8	15.06
373.0	15.87
373.2	15.76
373.4	16.24
373.6	17.38
373.8	17.13
374.0	17.73
374.2	18.64
374.4	18.11
374.6	17.96
374.8	18.90
375.0	18.51
375.2	18.50
375.4	18.51
375.6	18.21
375.8	17.40
376.0	17.34
376.2	17.16
376.4	16.92
376.6	16.52
376.8	16.38
377.0	16.88
377.2	17.19
377.4	17.44
377.6	17.59
377.8	16.79
378.0	15.63
378.2	14.84
378.4	15.45
378.6	16.96
378.8	18.73
379.0	19.91
379.2	19.75
379.4	18.72
379.6	18.50
379.8	18.08
380.0	17.90
380.2	18.65
380.4	18.70
380.6	19.14
380.8	18.80
381.0	17.63
381.2	17.45
381.4	18.16
381.6	18.33
381.8	18.84
382.0	19.09
382.2	17.80
382.4	18.43
382.6	18.23
382.8	18.17
383.0	18.71
383.2	20.15
383.4	19.72
383.6	20.21
383.8	19.64
384.0	19.28
384.2	20.42
384.4	20.48
384.6	20.29
384.8	19.25
385.0	19.69
385.2	20.17
385.4	21.99
385.6	22.19
385.8	22.61
386.0	21.72
386.2	21.03
386.4	19.56
386.6	21.01
386.8	21.29
387.0	23.64
387.2	25.03
387.4	25.02
387.6	23.88
387.8	24.54
388.0	22.30
388.2	22.81
388.4	22.93
388.6	23.07
388.8	23.62
389.0	24.76
389.2	25.24
389.4	26.09
389.6	24.98
389.8	24.93
390.0	25.65
390.2	27.10
390.4	28.64
390.6	29.31
390.8	28.06
391.0	28.54
391.2	28.84
391.4	29.64
391.6	30.06
391.8	30.65
392.0	29.68
392.2	30.36
392.4	30.60
392.6	31.27
392.8	31.78
393.0	32.59
393.2	31.55
393.4	32.31
393.6	31.11
393.8	30.00
394.0	31.14
394.2	35.00
394.4	37.12
394.6	40.45
394.8	38.48
395.0	38.84
395.2	40.34
395.4	42.41
395.6	43.41
395.8	43.50
396.0	41.69
396.2	44.01
396.4	45.80
396.6	48.08
396.8	50.43
397.0	50.08
397.2	51.15
397.4	51.88
397.6	52.80
397.8	55.59
398.0	60.23
398.2	63.97
398.4	64.84
398.6	65.26
398.8	64.62
399.0	66.34
399.2	70.62
399.4	73.58
399.6	76.15
399.8	79.17
400.0	79.55
400.2	82.87
400.4	88.12
400.6	90.66
400.8	94.84
401.0	99.83
401.2	100.4
401.4	102.7
401.6	108.1
401.8	112.1
402.0	117.2
402.2	125.4
402.4	129.2
402.6	132.8
402.8	138.7
403.0	144.5
403.2	147.2
403.4	154.4
403.6	158.7
403.8	163.5
404.0	171.9
404.2	179.3
404.4	183.9
404.6	192.8
404.8	200.0
405.0	208.0
405.2	212.3
405.4	220.5
405.6	229.6
405.8	241.6
406.0	250.1
406.2	260.9
406.4	266.2
406.6	275.0
406.8	282.6
407.0	296.6
407.2	305.9
407.4	324.5
407.6	340.9
407.8	353.6
408.0	356.6
408.2	365.4
408.4	375.9
408.6	395.5
408.8	412.5
409.0	430.4
409.2	436.6
409.4	448.2
409.6	467.8
409.8	492.6
410.0	513.8
410.2	537.2
410.4	555.0
410.6	568.1
410.8	587.3
411.0	608.2
411.2	627.7
411.4	653.7
411.6	680.1
411.8	700.4
412.0	723.3
412.2	737.5
412.4	761.2
412.6	784.6
412.8	811.4
413.0	835.4
413.2	861.8
413.4	889.7
413.6	924.4
413.8	932.5
414.0	945.1
414.2	966.7
414.4	999.0
414.6	1050
414.8	1100
415.0	1125
415.2	1152
415.4	1177
415.6	1205
415.8	1238
416.0	1276
416.2	1312
416.4	1355
416.6	1376
416.8	1409
417.0	1435
417.2	1485
417.4	1533
417.6	1583
417.8	1603
418.0	1638
418.2	1666
418.4	1702
418.6	1739
418.8	1779
419.0	1806
419.2	1853
419.4	1908
419.6	1951
419.8	2001
420.0	2060
420.2	2105
420.4	2133
420.6	2183
420.8	2212
421.0	2265
421.2	2309
421.4	2354
421.6	2380
421.8	2430
422.0	2467
422.2	2530
422.4	2562
422.6	2618
422.8	2659
423.0	2718
423.2	2751
423.4	2782
423.6	2823
423.8	2869
424.0	2912
424.2	2968
424.4	3005
424.6	3064
424.8	3130
425.0	3185
425.2	3232
425.4	3259
425.6	3295
425.8	3350
426.0	3402
426.2	3457
426.4	3506
426.6	3539
426.8	3577
427.0	3618
427.2	3651
427.4	3687
427.6	3724
427.8	3762
428.0	3813
428.2	3879
428.4	3947
428.6	4010
428.8	4045
429.0	4089
429.2	4119
429.4	4150
429.6	4205
429.8	4261
430.0	4311
430.2	4377
430.4	4423
430.6	4448
430.8	4486
431.0	4523
431.2	4570
431.4	4622
431.6	4667
431.8	4702
432.0	4723
432.2	4750
432.4	4796
432.6	4819
432.8	4856
433.0	4902
433.2	4929
433.4	4986
433.6	5022
433.8	5039
434.0	5082
434.2	5136
434.4	5189
434.6	5243
434.8	5261
435.0	5312
435.2	5363
435.4	5409
435.6	5446
435.8	5482
436.0	5494
436.2	5538
436.4	5582
436.6	5599
436.8	5616
437.0	5661
437.2	5705
437.4	5736
437.6	5776
437.8	5793
438.0	5813
438.2	5829
438.4	5869
438.6	5910
438.8	5949
439.0	6000
439.2	6023
439.4	6050
439.6	6066
439.8	6104
440.0	6121
440.2	6154
440.4	6174
440.6	6219
440.8	6232
441.0	6250
441.2	6271
441.4	6303
441.6	6335
441.8	6377
442.0	6404
442.2	6436
442.4	6470
442.6	6482
442.8	6492
443.0	6498
443.2	6521
443.4	6565
443.6	6622
443.8	6632
444.0	6648
444.2	6639
444.4	6659
444.6	6703
444.8	6762
445.0	6763
445.2	6785
445.4	6791
445.6	6819
445.8	6861
446.0	6909
446.2	6930
446.4	6941
446.6	6961
446.8	6978
447.0	7004
447.2	7014
447.4	7022
447.6	7023
447.8	7046
448.0	7067
448.2	7118
448.4	7151
448.6	7180
448.8	7201
449.0	7203
449.2	7199
449.4	7221
449.6	7244
449.8	7256
450.0	7266
450.2	7283
450.4	7304
450.6	7352
450.8	7384
451.0	7396
451.2	7401
451.4	7418
451.6	7401
451.8	7398
452.0	7409
452.2	7454
452.4	7501
452.6	7577
452.8	7613
453.0	7663
453.2	7661
453.4	7675
453.6	7650
453.8	7656
454.0	7655
454.2	7708
454.4	7730
454.6	7763
454.8	7761
455.0	7786
455.2	7772
455.4	7804
455.6	7847
455.8	7873
456.0	7903
456.2	7934
456.4	7949
456.6	7973
456.8	7974
457.0	7976
457.2	7989
457.4	8006
457.6	8043
457.8	8082
458.0	8129
458.2	8144
458.4	8154
458.6	8154
458.8	8142
459.0	8169
459.2	8241
459.4	8283
459.6	8302
459.8	8302
460.0	8301
460.2	8318
460.4	8359
460.6	8382
460.8	8363
461.0	8375
461.2	8418
461.4	8450
461.6	8453
461.8	8470
462.0	8473
462.2	8475
462.4	8505
462.6	8533
462.8	8519
463.0	8549
463.2	8577
463.4	8577
463.6	8587
463.8	8595
464.0	8611
464.2	8642
464.4	8685
464.6	8690
464.8	8708
465.0	8708
465.2	8744
465.4	8808
465.6	8840
465.8	8845
466.0	8842
466.2	8830
466.4	8831
466.6	8861
466.8	8869
467.0	8889
467.2	8886
467.4	8885
467.6	8892
467.8	8894
468.0	8893
468.2	8911
468.4	8961
468.6	8980
468.8	9016
469.0	9022
469.2	9002
469.4	8973
469.6	9003
469.8	9008
470.0	9057
470.2	9080
470.4	9100
470.6	9084
470.8	9083
471.0	9071
471.2	9072
471.4	9071
471.6	9076
471.8	9094
472.0	9120
472.2	9158
472.4	9204
472.6	9224
472.8	9195
473.0	9190
473.2	9173
473.4	9149
473.6	9138
473.8	9131
474.0	9124
474.2	9170
474.4	9231
474.6	9254
474.8	9240
475.0	9254
475.2	9260
475.4	9280
475.6	9286
475.8	9274
476.0	9275
476.2	9323
476.4	9344
476.6	9350
476.8	9347
477.0	9351
477.2	9372
477.4	9391
477.6	9392
477.8	9372
478.0	9392
478.2	9403
478.4	9401
478.6	9386
478.8	9400
479.0	9394
479.2	9415
479.4	9423
479.6	9394
479.8	9367
480.0	9361
480.2	9393
480.4	9439
480.6	9467
480.8	9437
481.0	9428
481.2	9418
481.4	9457
481.6	9473
481.8	9514
482.0	9487
482.2	9475
482.4	9432
482.6	9457
482.8	9482
483.0	9513
483.2	9505
483.4	9495
483.6	9483
483.8	9544
484.0	9586
484.2	9596
484.4	9571
484.6	9523
484.8	9507
485.0	9526
485.2	9548
485.4	9610
485.6	9607
485.8	9552
486.0	9500
486.2	9489
486.4	9524
486.6	9560
486.8	9545
487.0	9523
487.2	9503
487.4	9534
487.6	9572
487.8	9578
488.0	9527
488.2	9533
488.4	9535
488.6	9555
488.8	9536
489.0	9523
489.2	9483
489.4	9482
489.6	9511
489.8	9529
490.0	9524
490.2	9502
490.4	9488
490.6	9480
490.8	9474
491.0	9472
491.2	9482
491.4	9488
491.6	9492
491.8	9510
492.0	9483
492.2	9477
492.4	9476
492.6	9465
492.8	9438
493.0	9407
493.2	9385
493.4	9399
493.6	9420
493.8	9430
494.0	9424
494.2	9378
494.4	9368
494.6	9368
494.8	9354
495.0	9326
495.2	9307
495.4	9330
495.6	9334
495.8	9317
496.0	9325
496.2	9285
496.4	9263
496.6	9316
496.8	9299
497.0	9276
497.2	9290
497.4	9275
497.6	9226
497.8	9238
498.0	9212
498.2	9187
498.4	9177
498.6	9176
498.8	9146
499.0	9147
499.2	9147
499.4	9129
499.6	9094
499.8	9075
500.0	9070
500.2	9068
500.4	9074
500.6	9048
500.8	8990
501.0	8967
501.2	8964
501.4	8955
501.6	8941
501.8	8922
502.0	8897
502.2	8891
502.4	8904
502.6	8911
502.8	8912
503.0	8875
503.2	8846
503.4	8814
503.6	8787
503.8	8795
504.0	8795
504.2	8761
504.4	8759
504.6	8759
504.8	8706
505.0	8685
505.2	8660
505.4	8646
505.6	8629
505.8	8625
506.0	8587
506.2	8558
506.4	8528
506.6	8535
506.8	8535
507.0	8534
507.2	8506
507.4	8480
507.6	8414
507.8	8380
508.0	8359
508.2	8336
508.4	8322
508.6	8311
508.8	8287
509.0	8243
509.2	8243
509.4	8227
509.6	8241
509.8	8261
510.0	8255
510.2	8214
510.4	8193
510.6	8117
510.8	8069
511.0	8077
511.2	8057
511.4	8035
511.6	8008
511.8	7982
512.0	7986
512.2	7991
512.4	7969
512.6	7952
512.8	7895
513.0	7869
513.2	7828
513.4	7788
513.6	7784
513.8	7824
514.0	7807
514.2	7807
514.4	7760
514.6	7731
514.8	7679
515.0	7647
515.2	7638
515.4	7621
515.6	7626
515.8	7624
516.0	7571
516.2	7557
516.4	7545
516.6	7488
516.8	7468
517.0	7409
517.2	7383
517.4	7405
517.6	7395
517.8	7385
518.0	7377
518.2	7335
518.4	7290
518.6	7274
518.8	7226
519.0	7195
519.2	7169
519.4	7179
519.6	7155
519.8	7132
520.0	7091
520.2	7055
520.4	7029
520.6	7039
520.8	7041
521.0	7001
521.2	6987
521.4	6962
521.6	6938
521.8	6922
522.0	6907
522.2	6861
522.4	6804
522.6	6764
522.8	6732
523.0	6732
523.2	6732
523.4	6722
523.6	6695
523.8	6688
524.0	6643
524.2	6649
524.4	6630
524.6	6613
524.8	6592
525.0	6545
525.2	6481
525.4	6481
525.6	6469
525.8	6472
526.0	6437
526.2	6407
526.4	6382
526.6	6367
526.8	6352
527.0	6341
527.2	6308
527.4	6308
527.6	6306
527.8	6294
528.0	6246
528.2	6219
528.4	6165
528.6	6144
528.8	6135
529.0	6111
529.2	6070
529.4	6050
529.6	6021
529.8	6001
530.0	5995
530.2	5975
530.4	5944
530.6	5910
530.8	5910
531.0	5895
531.2	5906
531.4	5874
531.6	5832
531.8	5774
532.0	5733
532.2	5717
532.4	5709
532.6	5685
532.8	5674
533.0	5631
533.2	5611
533.4	5614
533.6	5604
533.8	5575
534.0	5543
534.2	5496
534.4	5480
534.6	5471
534.8	5467
535.0	5439
535.2	5447
535.4	5422
535.6	5410
535.8	5387
536.0	5349
536.2	5312
536.4	5309
536.6	5279
536.8	5284
537.0	5267
537.2	5223
537.4	5207
537.6	5178
537.8	5141
538.0	5113
538.2	5084
538.4	5058
538.6	5071
538.8	5043
539.0	5021
539.2	4981
539.4	4973
539.6	4966
539.8	4976
540.0	4949
540.2	4930
540.4	4901
540.6	4887
540.8	4877
541.0	4853
541.2	4808
541.4	4767
541.6	4743
541.8	4726
542.0	4728
542.2	4720
542.4	4712
542.6	4708
542.8	4692
543.0	4662
543.2	4632
543.4	4607
543.6	4573
543.8	4553
544.0	4526
544.2	4502
544.4	4494
544.6	4475
544.8	4448
545.0	4426
545.2	4416
545.4	4399
545.6	4387
545.8	4377
546.0	4353
546.2	4328
546.4	4307
546.6	4279
546.8	4268
547.0	4267
547.2	4229
547.4	4180
547.6	4175
547.8	4153
548.0	4166
548.2	4168
548.4	4161
548.6	4127
548.8	4116
549.0	4066
549.2	4051
549.4	4027
549.6	4025
549.8	4003
550.0	3991
550.2	3983
550.4	3981
550.6	3949
550.8	3926
551.0	3892
551.2	3878
551.4	3868
551.6	3848
551.8	3820
552.0	3815
552.2	3794
552.4	3765
552.6	3749
552.8	3720
553.0	3703
553.2	3688
553.4	3676
553.6	3647
553.8	3639
554.0	3633
554.2	3627
554.4	3603
554.6	3594
554.8	3565
555.0	3546
555.2	3532
555.4	3514
555.6	3513
555.8	3488
556.0	3476
556.2	3457
556.4	3438
556.6	3421
556.8	3420
557.0	3390
557.2	3366
557.4	3352
557.6	3348
557.8	3346
558.0	3351
558.2	3343
558.4	3311
558.6	3291
558.8	3264
559.0	3227
559.2	3208
559.4	3190
559.6	3171
559.8	3156
560.0	3149
560.2	3133
560.4	3132
560.6	3126
560.8	3112
561.0	3099
561.2	3086
561.4	3054
561.6	3041
561.8	3032
562.0	3015
562.2	3016
562.4	2994
562.6	2965
562.8	2950
563.0	2933
563.2	2906
563.4	2909
563.6	2896
563.8	2908
564.0	2896
564.2	2874
564.4	2838
564.6	2816
564.8	2802
565.0	2804
565.2	2783
565.4	2776
565.6	2757
565.8	2745
566.0	2741
566.2	2739
566.4	2728
566.6	2716
566.8	2679
567.0	2646
567.2	2632
567.4	2620
567.6	2612
567.8	2609
568.0	2596
568.2	2587
568.4	2578
568.6	2556
568.8	2542
569.0	2541
569.2	2540
569.4	2543
569.6	2526
569.8	2498
570.0	2481
570.2	2471
570.4	2460
570.6	2455
570.8	2442
571.0	2428
571.2	2420
571.4	2421
571.6	2414
571.8	2392
572.0	2360
572.2	2346
572.4	2336
572.6	2329
572.8	2325
573.0	2303
573.2	2269
573.4	2260
573.6	2260
573.8	2253
574.0	2246
574.2	2238
574.4	2226
574.6	2205
574.8	2223
575.0	2225
575.2	2216
575.4	2199
575.6	2174
575.8	2135
576.0	2134
576.2	2126
576.4	2120
576.6	2108
576.8	2101
577.0	2094
577.2	2086
577.4	2061
577.6	2036
577.8	2027
578.0	2035
578.2	2053
578.4	2058
578.6	2038
578.8	2017
579.0	1996
579.2	1987
579.4	1983
579.6	1967
579.8	1945
580.0	1939
580.2	1920
580.4	1911
580.6	1909
580.8	1903
581.0	1890
581.2	1886
581.4	1870
581.6	1867
581.8	1872
582.0	1855
582.2	1839
582.4	1824
582.6	1803
582.8	1808
583.0	1811
583.2	1800
583.4	1803
583.6	1797
583.8	1787
584.0	1771
584.2	1748
584.4	1740
584.6	1732
584.8	1716
585.0	1711
585.2	1687
585.4	1677
585.6	1669
585.8	1666
586.0	1652
586.2	1648
586.4	1644
586.6	1659
586.8	1640
587.0	1630
587.2	1620
587.4	1603
587.6	1602
587.8	1609
588.0	1597
588.2	1590
588.4	1574
588.6	1545
588.8	1533
589.0	1527
589.2	1536
589.4	1540
589.6	1531
589.8	1520
590.0	1509
590.2	1505
590.4	1498
590.6	1485
590.8	1476
591.0	1465
591.2	1461
591.4	1460
591.6	1450
591.8	1446
592.0	1444
592.2	1444
592.4	1446
592.6	1439
592.8	1417
593.0	1406
593.2	1390
593.4	1385
593.6	1370
593.8	1372
594.0	1373
594.2	1372
594.4	1358
594.6	1350
594.8	1331
595.0	1333
595.2	1334
595.4	1331
595.6	1323
595.8	1319
596.0	1305
596.2	1294
596.4	1284
596.6	1286
596.8	1281
597.0	1272
597.2	1256
597.4	1235
597.6	1225
597.8	1219
598.0	1212
598.2	1205
598.4	1210
598.6	1202
598.8	1201
599.0	1192
599.2	1185
599.4	1178
599.6	1176
599.8	1171
600.0	1171
600.2	1175
600.4	1174
600.6	1166
600.8	1151
601.0	1136
601.2	1125
601.4	1124
601.6	1126
601.8	1123
602.0	1117
602.2	1108
602.4	1089
602.6	1076
602.8	1070
603.0	1070
603.2	1070
603.4	1075
603.6	1065
603.8	1055
604.0	1049
604.2	1050
604.4	1045
604.6	1045
604.8	1038
605.0	1025
605.2	1023
605.4	1014
605.6	1010
605.8	1004
606.0	999.6
606.2	985.1
606.4	983.4
606.6	975.5
606.8	972.7
607.0	959.4
607.2	954.2
607.4	941.5
607.6	947.6
607.8	950.3
608.0	953.3
608.2	948.5
608.4	937.5
608.6	926.2
608.8	919.1
609.0	908.6
609.2	903.6
609.4	908.1
609.6	901.1
609.8	905.0
610.0	898.2
610.2	889.2
610.4	878.4
610.6	879.1
610.8	868.8
611.0	859.2
611.2	845.2
611.4	836.1
611.6	833.8
611.8	840.3
612.0	845.2
612.2	841.9
612.4	828.5
612.6	824.4
612.8	828.8
613.0	832.4
613.2	830.4
613.4	819.1
613.6	799.6
613.8	789.7
614.0	786.7
614.2	785.7
614.4	784.4
614.6	779.3
614.8	779.2
615.0	781.2
615.2	774.6
615.4	772.5
615.6	766.5
615.8	755.9
616.0	745.6
616.2	742.4
616.4	739.1
616.6	733.3
616.8	733.4
617.0	725.0
617.2	721.8
617.4	725.6
617.6	727.3
617.8	718.6
618.0	712.0
618.2	706.3
618.4	707.2
618.6	706.8
618.8	706.0
619.0	701.3
619.2	690.5
619.4	689.2
619.6	683.3
619.8	677.3
620.0	677.4
620.2	680.6
620.4	678.5
620.6	669.3
620.8	661.7
621.0	649.4
621.2	639.7
621.4	637.6
621.6	638.3
621.8	634.5
622.0	636.4
622.2	640.3
622.4	627.0
622.6	618.6
622.8	613.3
623.0	608.0
623.2	603.2
623.4	613.2
623.6	607.4
623.8	603.5
624.0	600.4
624.2	601.2
624.4	591.5
624.6	593.2
624.8	590.9
625.0	587.8
625.2	585.2
625.4	589.6
625.6	584.0
625.8	580.9
626.0	572.5
626.2	567.5
626.4	554.4
626.6	543.9
626.8	540.9
627.0	543.6
627.2	541.8
627.4	542.9
627.6	546.2
627.8	538.6
628.0	540.5
628.2	537.3
628.4	532.2
628.6	525.4
628.8	523.3
629.0	510.8
629.2	513.8
629.4	507.7
629.6	507.6
629.8	503.7
630.0	496.4
630.2	494.0
630.4	495.9
630.6	490.8
630.8	485.7
631.0	477.1
631.2	463.3
631.4	459.9
631.6	457.1
631.8	464.2
632.0	467.7
632.2	471.5
632.4	457.9
632.6	450.8
632.8	448.3
633.0	450.8
633.2	455.3
633.4	455.6
633.6	454.1
633.8	453.5
634.0	449.8
634.2	440.9
634.4	441.8
634.6	435.2
634.8	435.3
635.0	436.2
635.2	438.9
635.4	433.1
635.6	429.4
635.8	417.8
636.0	412.1
636.2	411.3
636.4	418.6
636.6	412.9
636.8	405.7
637.0	398.1
637.2	398.3
637.4	396.8
637.6	400.6
637.8	397.9
638.0	396.3
638.2	392.2
638.4	390.2
638.6	386.9
638.8	389.7
639.0	384.8
639.2	386.3
639.4	381.3
639.6	379.8
639.8	371.4
640.0	369.0
640.2	361.8
640.4	359.9
640.6	362.7
640.8	367.4
641.0	367.4
641.2	368.4
641.4	361.2
641.6	351.9
641.8	345.7
642.0	342.2
642.2	343.9
642.4	345.7
642.6	344.5
642.8	342.3
643.0	340.1
643.2	339.5
643.4	342.9
643.6	343.8
643.8	340.2
644.0	336.3
644.2	336.9
644.4	336.4
644.6	337.7
644.8	327.0
645.0	316.9
645.2	314.7
645.4	317.3
645.6	316.4
645.8	314.5
646.0	308.1
646.2	305.0
646.4	301.6
646.6	304.7
646.8	304.0
647.0	304.6
647.2	307.4
647.4	306.9
647.6	305.3
647.8	303.6
648.0	297.8
648.2	295.3
648.4	291.8
648.6	292.5
648.8	293.3
649.0	285.5
649.2	280.1
649.4	275.0
649.6	273.4
649.8	278.8
650.0	281.5
650.2	279.1
650.4	277.7
650.6	277.4
650.8	274.6
651.0	275.4
651.2	272.5
651.4	268.1
651.6	266.3
651.8	266.9
652.0	259.7
652.2	259.5
652.4	259.1
652.6	259.6
652.8	257.8
653.0	254.1
653.2	246.0
653.4	241.7
653.6	241.7
653.8	247.2
654.0	249.2
654.2	253.4
654.4	249.7
654.6	241.0
654.8	236.5
655.0	236.5
655.2	234.8
655.4	237.0
655.6	238.8
655.8	232.7
656.0	231.3
656.2	230.8
656.4	225.6
656.6	223.7
656.8	223.6
657.0	221.8
657.2	219.1
657.4	220.1
657.6	216.3
657.8	216.3
658.0	220.0
658.2	222.3
658.4	223.1
658.6	217.4
658.8	212.5
659.0	210.2
659.2	207.2
659.4	206.3
659.6	210.7
659.8	203.8
660.0	204.6
660.2	203.6
660.4	201.1
660.6	208.2
660.8	210.0
661.0	203.4
661.2	201.4
661.4	198.4
661.6	195.7
661.8	194.3
662.0	187.4
662.2	183.4
662.4	186.7
662.6	189.5
662.8	191.0
663.0	190.3
663.2	190.5
663.4	187.8
663.6	189.1
663.8	183.3
664.0	178.6
664.2	178.9
664.4	180.1
664.6	179.7
664.8	182.6
665.0	176.5
665.2	175.5
665.4	173.8
665.6	173.8
665.8	174.8
666.0	176.4
666.2	170.6
666.4	172.2
666.6	168.7
666.8	169.7
667.0	167.7
667.2	167.6
667.4	162.5
667.6	158.9
667.8	157.0
668.0	160.4
668.2	162.8
668.4	162.6
668.6	162.6
668.8	159.5
669.0	156.6
669.2	155.9
669.4	151.4
669.6	147.0
669.8	147.6
670.0	152.3
670.2	152.4
670.4	153.0
670.6	148.5
670.8	148.3
671.0	147.1
671.2	148.0
671.4	148.2
671.6	143.9
671.8	143.0
672.0	146.2
672.2	147.2
672.4	147.8
672.6	149.1
672.8	144.9
673.0	140.8
673.2	138.6
673.4	138.3
673.6	138.7
673.8	139.8
674.0	137.6
674.2	133.3
674.4	133.6
674.6	136.7
674.8	137.7
675.0	136.0
675.2	129.2
675.4	125.2
675.6	124.9
675.8	126.6
676.0	125.2
676.2	124.8
676.4	123.2
676.6	122.6
676.8	125.2
677.0	124.7
677.2	124.7
677.4	125.6
677.6	119.7
677.8	115.5
678.0	115.5
678.2	114.8
678.4	116.7
678.6	118.4
678.8	116.2
679.0	116.7
679.2	116.4
679.4	118.1
679.6	116.8
679.8	115.5
680.0	113.9
680.2	110.6
680.4	107.2
680.6	108.9
680.8	109.1
681.0	111.5
681.2	110.6
681.4	109.1
681.6	108.2
681.8	108.1
682.0	106.9
682.2	106.1
682.4	101.8
682.6	101.5
682.8	100.8
683.0	101.1
683.2	101.7
683.4	98.93
683.6	96.58
683.8	97.39
684.0	97.28
684.2	95.60
684.4	96.97
684.6	96.00
684.8	95.53
685.0	98.56
685.2	100.1
685.4	100.1
685.6	101.5
685.8	96.85
686.0	92.13
686.2	92.07
686.4	92.66
686.6	95.57
686.8	97.50
687.0	95.30
687.2	93.42
687.4	91.75
687.6	90.52
687.8	86.85
688.0	85.04
688.2	83.57
688.4	85.45
688.6	87.06
688.8	90.28
689.0	88.40
689.2	86.96
689.4	86.12
689.6	87.32
689.8	88.87
690.0	89.42
690.2	87.20
690.4	86.22
690.6	84.17
690.8	83.67
691.0	82.81
691.2	82.57
691.4	82.79
691.6	84.72
691.8	83.14
692.0	84.62
692.2	82.15
692.4	82.69
692.6	82.95
692.8	79.77
693.0	77.33
693.2	77.25
693.4	76.89
693.6	77.55
693.8	78.01
694.0	76.03
694.2	77.02
694.4	75.63
694.6	75.75
694.8	74.46
695.0	74.35
695.2	75.60
695.4	78.50
695.6	77.18
695.8	75.96
696.0	75.18
696.2	73.33
696.4	71.92
696.6	69.97
696.8	69.21
697.0	69.89
697.2	72.02
697.4	74.14
697.6	74.64
697.8	72.76
698.0	73.10
698.2	73.09
698.4	73.34
698.6	73.96
698.8	71.73
699.0	70.72
699.2	71.06
699.4	71.86
699.6	74.04
699.8	74.19
700.0	71.21
700.2	68.85
700.4	67.61
700.6	67.75
700.8	70.42
701.0	71.53
701.2	71.19
701.4	68.75
701.6	66.63
701.8	64.92
702.0	64.17
702.2	64.10
702.4	67.08
702.6	66.42
702.8	66.33
703.0	65.60
703.2	62.84
703.4	64.29
703.6	63.79
703.8	62.61
704.0	63.21
704.2	62.36
704.4	60.58
704.6	62.12
704.8	59.22
705.0	57.70
705.2	60.05
705.4	62.22
705.6	64.50
705.8	66.32
706.0	65.17
706.2	61.44
706.4	58.75
706.6	57.55
706.8	56.20
707.0	56.23
707.2	58.44
707.4	58.32
707.6	56.95
707.8	57.83
708.0	57.60
708.2	56.17
708.4	57.12
708.6	56.35
708.8	53.70
709.0	53.97
709.2	55.16
709.4	53.77
709.6	54.12
709.8	54.47
710.0	52.24
710.2	53.56
710.4	55.10
710.6	55.08
710.8	54.83
711.0	52.29
711.2	49.79
711.4	49.70
711.6	52.20
711.8	53.20
712.0	55.12
712.2	55.69
712.4	54.58
712.6	52.55
712.8	51.88
713.0	51.05
713.2	52.52
713.4	53.76
713.6	53.95
713.8	55.44
714.0	54.61
714.2	55.26
714.4	53.62
714.6	53.57
714.8	50.49
715.0	49.67
715.2	47.24
715.4	47.76
715.6	47.70
715.8	50.62
716.0	49.98
716.2	48.96
716.4	48.69
716.6	48.84
716.8	48.02
717.0	48.91
717.2	48.78
717.4	47.20
717.6	46.79
717.8	45.35
718.0	45.56
718.2	44.23
718.4	42.65
718.6	40.65
718.8	40.74
719.0	42.36
719.2	45.32
719.4	44.63
719.6	44.14
719.8	43.07
720.0	42.29
720.2	42.23
720.4	41.27
720.6	40.82
720.8	40.80
721.0	40.25
721.2	39.81
721.4	41.78
721.6	42.71
721.8	42.05
722.0	41.83
722.2	41.31
722.4	41.08
722.6	42.40
722.8	42.50
723.0	39.10
723.2	38.30
723.4	39.01
723.6	38.45
723.8	39.00
724.0	38.75
724.2	36.63
724.4	36.82
724.6	37.60
724.8	35.66
725.0	35.88
725.2	35.65
725.4	34.98
725.6	35.80
725.8	36.35
726.0	35.39
726.2	36.78
726.4	37.30
726.6	36.29
726.8	35.70
727.0	34.88
727.2	34.73
727.4	36.52
727.6	36.98
727.8	36.67
728.0	34.46
728.2	32.63
728.4	31.51
728.6	32.89
728.8	33.76
729.0	33.19
729.2	33.10
729.4	33.17
729.6	33.63
729.8	35.72
730.0	36.97
730.2	36.81
730.4	37.39
730.6	35.46
730.8	34.58
731.0	33.46
731.2	33.20
731.4	32.10
731.6	30.72
731.8	30.01
732.0	31.32
732.2	31.54
732.4	32.95
732.6	32.08
732.8	31.53
733.0	31.94
733.2	32.60
733.4	32.60
733.6	32.48
733.8	33.47
734.0	34.13
734.2	35.53
734.4	34.98
734.6	34.46
734.8	33.11
735.0	33.17
735.2	31.87
735.4	32.52
735.6	32.20
735.8	31.44
736.0	31.50
736.2	31.48
736.4	31.05
736.6	31.14
736.8	31.28
737.0	29.80
737.2	30.18
737.4	31.39
737.6	32.40
737.8	32.20
738.0	31.29
738.2	30.64
738.4	31.29
738.6	31.24
738.8	31.50
739.0	31.09
739.2	29.64
739.4	29.58
739.6	29.73
739.8	28.53
740.0	29.40
740.2	29.21
740.4	28.55
740.6	28.51
740.8	28.88
741.0	29.19
741.2	30.47
741.4	30.25
741.6	29.81
741.8	28.89
742.0	28.45
742.2	28.37
742.4	28.62
742.6	27.92
742.8	27.71
743.0	26.65
743.2	27.63
743.4	27.67
743.6	27.80
743.8	27.23
744.0	27.26
744.2	25.71
744.4	25.17
744.6	24.91
744.8	23.98
745.0	22.53
745.2	23.06
745.4	23.51
745.6	24.49
745.8	26.49
746.0	26.11
746.2	25.03
746.4	24.02
746.6	23.48
746.8	25.21
747.0	25.39
747.2	25.95
747.4	26.49
747.6	26.69
747.8	27.35
748.0	26.71
748.2	26.13
748.4	26.06
748.6	25.04
748.8	24.79
749.0	24.13
749.2	22.77
749.4	23.73
749.6	24.67
749.8	24.22
750.0	24.51
750.2	23.65
750.4	23.53
750.6	25.29
750.8	26.13
751.0	25.31
751.2	24.09
751.4	23.92
751.6	23.08
751.8	24.36
752.0	24.27
752.2	23.71
752.4	22.66
752.6	23.80
752.8	23.10
753.0	23.06
753.2	22.65
753.4	23.12
753.6	23.74
753.8	24.15
754.0	23.39
754.2	23.23
754.4	22.37
754.6	23.74
754.8	24.89
755.0	24.74
755.2	23.90
755.4	23.52
755.6	22.51
755.8	23.17
756.0	22.34
756.2	22.75
756.4	22.27
756.6	23.07
756.8	23.41
757.0	24.87
757.2	24.02
757.4	24.79
757.6	24.33
757.8	23.44
758.0	22.13
758.2	22.79
758.4	22.58
758.6	22.73
758.8	22.59
759.0	22.34
759.2	21.82
759.4	22.26
759.6	22.35
759.8	22.50
760.0	22.33
760.2	23.89
760.4	23.61
760.6	22.53
760.8	22.33
761.0	22.91
761.2	24.00
761.4	24.98
761.6	23.65
761.8	20.64
762.0	20.89
762.2	22.06
762.4	23.78
762.6	24.52
762.8	23.88
763.0	22.58
763.2	23.05
763.4	23.32
763.6	23.07
763.8	23.59
764.0	21.86
764.2	20.66
764.4	20.69
764.6	20.41
764.8	21.96
765.0	23.99
765.2	24.37
765.4	24.53
765.6	24.13
765.8	22.36
766.0	21.84
766.2	20.54
766.4	20.18
766.6	19.72
766.8	20.89
767.0	21.21
767.2	20.62
767.4	21.01
767.6	22.10
767.8	21.15
768.0	21.30
768.2	21.04
768.4	20.10
768.6	20.92
768.8	22.61
769.0	22.50
769.2	21.64
769.4	20.76
769.6	20.48
769.8	20.37
770.0	21.10
770.2	21.03
770.4	21.45
770.6	21.87
770.8	22.55
771.0	21.88
771.2	21.08
771.4	18.84
771.6	18.54
771.8	19.47
772.0	20.55
772.2	20.04
772.4	20.58
772.6	19.82
772.8	20.28
773.0	20.68
773.2	21.25
773.4	20.08
773.6	20.75
773.8	19.57
774.0	19.72
774.2	18.85
774.4	18.26
774.6	18.02
774.8	18.35
775.0	18.63
775.2	18.23
775.4	17.88
775.6	17.50
775.8	17.82
776.0	16.37
776.2	17.08
776.4	17.00
776.6	17.98
776.8	19.21
777.0	20.13
777.2	21.02
777.4	21.50
777.6	21.16
777.8	20.07
778.0	19.23
778.2	18.66
778.4	19.82
778.6	19.31
778.8	19.71
779.0	19.96
779.2	18.67
779.4	18.61
779.6	18.73
779.8	18.04
780.0	18.37
780.2	18.80
780.4	18.80
780.6	19.62
780.8	20.01
781.0	18.95
781.2	18.69
781.4	19.18
781.6	19.41
781.8	18.14
782.0	18.43
782.2	19.23
782.4	20.14
782.6	22.13
782.8	22.35
783.0	20.21
783.2	18.81
783.4	17.62
783.6	16.49
783.8	16.86
784.0	18.14
784.2	19.21
784.4	19.33
784.6	19.35
784.8	19.10
785.0	18.97
785.2	20.01
785.4	21.24
785.6	20.85
785.8	19.62
786.0	18.25
786.2	18.43
786.4	18.39
786.6	18.57
786.8	17.69
787.0	16.50
787.2	17.12
787.4	18.42
787.6	19.56
787.8	20.13
788.0	18.85
788.2	17.75
788.4	17.36
788.6	17.81
788.8	18.93
789.0	19.26
789.2	18.77
789.4	18.56
789.6	17.81
789.8	18.57
790.0	19.45
790.2	19.92
790.4	21.21
790.6	21.39
790.8	20.23
791.0	19.34
791.2	17.21
791.4	17.03
791.6	17.32
791.8	19.08
792.0	19.63
792.2	18.69
792.4	16.62
792.6	16.99
792.8	17.42
793.0	18.83
793.2	18.97
793.4	18.58
793.6	17.85
793.8	17.64
794.0	18.20
794.2	17.27
794.4	16.35
794.6	16.77
794.8	16.58
795.0	17.14
795.2	17.97
795.4	19.27
795.6	18.38
795.8	17.46
796.0	17.44
796.2	17.82
796.4	18.20
796.6	19.64
796.8	18.56
797.0	18.04
797.2	18.75
797.4	19.06
797.6	17.39
797.8	16.93
798.0	17.21
798.2	19.15
798.4	19.85
798.6	20.45
798.8	19.26
799.0	19.34
799.2	19.77
799.4	19.64
799.6	18.22
799.8	18.87
800.0	23.61

