
nm	Data
420.0	78.15
420.2	78.30
420.4	78.49
420.6	78.71
420.8	78.84
421.0	79.53
421.2	79.95
421.4	80.89
421.6	81.04
421.8	81.08
422.0	80.86
422.2	81.25
422.4	81.68
422.6	82.17
422.8	82.27
423.0	82.53
423.2	82.55
423.4	83.05
423.6	83.56
423.8	84.06
424.0	84.27
424.2	84.47
424.4	84.35
424.6	84.87
424.8	85.31
425.0	86.11
425.2	86.38
425.4	86.70
425.6	86.96
425.8	87.26
426.0	87.25
426.2	87.81
426.4	87.96
426.6	88.46
426.8	89.27
427.0	89.52
427.2	89.92
427.4	90.72
427.6	90.47
427.8	90.72
428.0	91.47
428.2	92.12
428.4	92.68
428.6	93.07
428.8	92.78
429.0	92.90
429.2	93.75
429.4	94.41
429.6	94.57
429.8	94.54
430.0	95.07
430.2	95.28
430.4	95.90
430.6	96.46
430.8	97.08
431.0	97.90
431.2	99.18
431.4	99.55
431.6	99.55
431.8	100.1
432.0	100.2
432.2	101.1
432.4	101.7
432.6	102.0
432.8	102.2
433.0	102.8
433.2	103.0
433.4	104.0
433.6	104.2
433.8	104.8
434.0	105.4
434.2	106.2
434.4	107.1
434.6	107.7
434.8	108.0
435.0	108.7
435.2	109.1
435.4	110.2
435.6	111.2
435.8	111.6
436.0	112.4
436.2	113.2
436.4	113.9
436.6	115.1
436.8	115.9
437.0	116.5
437.2	117.0
437.4	117.7
437.6	118.6
437.8	119.1
438.0	119.8
438.2	120.6
438.4	121.0
438.6	121.9
438.8	122.8
439.0	124.0
439.2	125.3
439.4	126.6
439.6	127.9
439.8	129.4
440.0	130.0
440.2	131.2
440.4	131.9
440.6	132.9
440.8	134.0
441.0	135.5
441.2	136.5
441.4	138.0
441.6	139.3
441.8	140.3
442.0	141.3
442.2	142.9
442.4	144.6
442.6	145.8
442.8	146.7
443.0	147.3
443.2	148.6
443.4	150.5
443.6	152.2
443.8	154.1
444.0	155.6
444.2	156.8
444.4	158.2
444.6	159.4
444.8	160.5
445.0	162.2
445.2	164.1
445.4	165.9
445.6	167.8
445.8	169.6
446.0	170.7
446.2	172.1
446.4	173.7
446.6	175.0
446.8	176.7
447.0	178.5
447.2	179.9
447.4	182.2
447.6	183.9
447.8	185.4
448.0	187.4
448.2	189.3
448.4	191.1
448.6	193.1
448.8	194.8
449.0	196.4
449.2	198.1
449.4	200.2
449.6	202.0
449.8	203.8
450.0	206.0
450.2	208.4
450.4	211.1
450.6	214.0
450.8	215.9
451.0	217.7
451.2	219.6
451.4	221.7
451.6	223.3
451.8	225.8
452.0	227.7
452.2	230.4
452.4	232.9
452.6	236.0
452.8	238.3
453.0	240.7
453.2	243.4
453.4	246.5
453.6	249.4
453.8	252.5
454.0	255.0
454.2	257.0
454.4	260.3
454.6	263.2
454.8	266.5
455.0	270.2
455.2	273.7
455.4	276.5
455.6	279.9
455.8	283.4
456.0	286.5
456.2	290.9
456.4	294.7
456.6	298.0
456.8	301.3
457.0	305.1
457.2	308.7
457.4	313.6
457.6	318.7
457.8	323.1
458.0	328.0
458.2	333.0
458.4	338.2
458.6	342.5
458.8	348.6
459.0	353.9
459.2	359.3
459.4	365.3
459.6	371.1
459.8	376.2
460.0	383.2
460.2	389.5
460.4	394.3
460.6	399.9
460.8	406.5
461.0	413.7
461.2	422.2
461.4	430.4
461.6	438.2
461.8	445.2
462.0	452.7
462.2	460.1
462.4	468.8
462.6	477.7
462.8	487.4
463.0	496.8
463.2	505.8
463.4	515.6
463.6	524.6
463.8	533.4
464.0	543.2
464.2	553.4
464.4	562.9
464.6	575.4
464.8	585.5
465.0	596.0
465.2	606.1
465.4	616.0
465.6	626.5
465.8	639.7
466.0	651.6
466.2	664.9
466.4	675.9
466.6	687.4
466.8	700.1
467.0	712.8
467.2	726.2
467.4	740.7
467.6	753.7
467.8	766.7
468.0	780.5
468.2	793.7
468.4	808.6
468.6	823.3
468.8	837.7
469.0	853.2
469.2	869.4
469.4	886.2
469.6	902.3
469.8	917.9
470.0	932.9
470.2	948.0
470.4	963.4
470.6	980.6
470.8	997.4
471.0	1016
471.2	1034
471.4	1052
471.6	1069
471.8	1086
472.0	1102
472.2	1118
472.4	1136
472.6	1157
472.8	1176
473.0	1195
473.2	1211
473.4	1228
473.6	1246
473.8	1265
474.0	1285
474.2	1306
474.4	1327
474.6	1348
474.8	1365
475.0	1384
475.2	1403
475.4	1422
475.6	1443
475.8	1464
476.0	1482
476.2	1504
476.4	1524
476.6	1543
476.8	1563
477.0	1584
477.2	1604
477.4	1628
477.6	1646
477.8	1665
478.0	1685
478.2	1707
478.4	1730
478.6	1753
478.8	1775
479.0	1795
479.2	1817
479.4	1839
479.6	1860
479.8	1882
480.0	1903
480.2	1922
480.4	1942
480.6	1965
480.8	1989
481.0	2014
481.2	2037
481.4	2058
481.6	2077
481.8	2098
482.0	2121
482.2	2145
482.4	2170
482.6	2195
482.8	2216
483.0	2238
483.2	2258
483.4	2281
483.6	2307
483.8	2333
484.0	2357
484.2	2381
484.4	2402
484.6	2431
484.8	2456
485.0	2482
485.2	2504
485.4	2526
485.6	2549
485.8	2574
486.0	2599
486.2	2626
486.4	2649
486.6	2675
486.8	2700
487.0	2725
487.2	2755
487.4	2782
487.6	2809
487.8	2836
488.0	2861
488.2	2885
488.4	2914
488.6	2941
488.8	2969
489.0	2996
489.2	3022
489.4	3048
489.6	3076
489.8	3106
490.0	3138
490.2	3167
490.4	3195
490.6	3223
490.8	3250
491.0	3281
491.2	3311
491.4	3340
491.6	3373
491.8	3403
492.0	3434
492.2	3466
492.4	3494
492.6	3525
492.8	3562
493.0	3597
493.2	3631
493.4	3662
493.6	3693
493.8	3728
494.0	3763
494.2	3796
494.4	3827
494.6	3860
494.8	3894
495.0	3934
495.2	3970
495.4	4002
495.6	4031
495.8	4063
496.0	4100
496.2	4143
496.4	4180
496.6	4220
496.8	4251
497.0	4281
497.2	4316
497.4	4352
497.6	4389
497.8	4431
498.0	4472
498.2	4512
498.4	4547
498.6	4582
498.8	4619
499.0	4657
499.2	4699
499.4	4744
499.6	4786
499.8	4827
500.0	4866
500.2	4903
500.4	4936
500.6	4976
500.8	5018
501.0	5055
501.2	5093
501.4	5132
501.6	5174
501.8	5216
502.0	5261
502.2	5302
502.4	5337
502.6	5378
502.8	5420
503.0	5459
503.2	5503
503.4	5549
503.6	5586
503.8	5626
504.0	5667
504.2	5711
504.4	5752
504.6	5795
504.8	5831
505.0	5863
505.2	5908
505.4	5946
505.6	5987
505.8	6028
506.0	6070
506.2	6115
506.4	6160
506.6	6197
506.8	6241
507.0	6279
507.2	6323
507.4	6371
507.6	6412
507.8	6458
508.0	6498
508.2	6536
508.4	6568
508.6	6607
508.8	6641
509.0	6680
509.2	6722
509.4	6763
509.6	6800
509.8	6839
510.0	6870
510.2	6903
510.4	6938
510.6	6981
510.8	7023
511.0	7057
511.2	7091
511.4	7125
511.6	7162
511.8	7207
512.0	7243
512.2	7278
512.4	7316
512.6	7351
512.8	7392
513.0	7427
513.2	7458
513.4	7489
513.6	7525
513.8	7559
514.0	7594
514.2	7626
514.4	7656
514.6	7685
514.8	7716
515.0	7744
515.2	7773
515.4	7806
515.6	7830
515.8	7862
516.0	7888
516.2	7921
516.4	7954
516.6	7989
516.8	8015
517.0	8041
517.2	8068
517.4	8097
517.6	8120
517.8	8148
518.0	8173
518.2	8202
518.4	8234
518.6	8262
518.8	8288
519.0	8310
519.2	8326
519.4	8343
519.6	8353
519.8	8373
520.0	8396
520.2	8424
520.4	8455
520.6	8478
520.8	8500
521.0	8521
521.2	8539
521.4	8559
521.6	8574
521.8	8589
522.0	8610
522.2	8631
522.4	8652
522.6	8670
522.8	8684
523.0	8697
523.2	8712
523.4	8732
523.6	8741
523.8	8756
524.0	8766
524.2	8775
524.4	8788
524.6	8803
524.8	8812
525.0	8828
525.2	8841
525.4	8849
525.6	8858
525.8	8867
526.0	8874
526.2	8888
526.4	8901
526.6	8909
526.8	8921
527.0	8930
527.2	8942
527.4	8952
527.6	8958
527.8	8962
528.0	8963
528.2	8967
528.4	8976
528.6	8978
528.8	8987
529.0	8996
529.2	9001
529.4	9003
529.6	9000
529.8	8992
530.0	8990
530.2	8988
530.4	8993
530.6	9000
530.8	9011
531.0	9013
531.2	9015
531.4	9013
531.6	9014
531.8	9016
532.0	9019
532.2	9021
532.4	9026
532.6	9029
532.8	9033
533.0	9030
533.2	9025
533.4	9019
533.6	9008
533.8	9002
534.0	8996
534.2	8991
534.4	8989
534.6	8976
534.8	8966
535.0	8953
535.2	8945
535.4	8947
535.6	8952
535.8	8949
536.0	8947
536.2	8936
536.4	8935
536.6	8931
536.8	8928
537.0	8923
537.2	8917
537.4	8911
537.6	8904
537.8	8890
538.0	8882
538.2	8868
538.4	8864
538.6	8856
538.8	8847
539.0	8840
539.2	8829
539.4	8817
539.6	8807
539.8	8798
540.0	8784
540.2	8773
540.4	8761
540.6	8744
540.8	8733
541.0	8728
541.2	8714
541.4	8707
541.6	8698
541.8	8682
542.0	8677
542.2	8666
542.4	8659
542.6	8643
542.8	8627
543.0	8612
543.2	8599
543.4	8589
543.6	8587
543.8	8571
544.0	8561
544.2	8542
544.4	8525
544.6	8510
544.8	8494
545.0	8477
545.2	8461
545.4	8437
545.6	8420
545.8	8403
546.0	8390
546.2	8375
546.4	8355
546.6	8333
546.8	8317
547.0	8304
547.2	8297
547.4	8286
547.6	8269
547.8	8250
548.0	8236
548.2	8217
548.4	8203
548.6	8187
548.8	8169
549.0	8151
549.2	8131
549.4	8114
549.6	8092
549.8	8071
550.0	8053
550.2	8035
550.4	8016
550.6	7997
550.8	7975
551.0	7957
551.2	7938
551.4	7924
551.6	7907
551.8	7889
552.0	7876
552.2	7859
552.4	7840
552.6	7821
552.8	7797
553.0	7782
553.2	7764
553.4	7746
553.6	7727
553.8	7703
554.0	7680
554.2	7663
554.4	7639
554.6	7616
554.8	7590
555.0	7568
555.2	7544
555.4	7526
555.6	7503
555.8	7481
556.0	7462
556.2	7449
556.4	7432
556.6	7417
556.8	7400
557.0	7379
557.2	7357
557.4	7339
557.6	7318
557.8	7296
558.0	7277
558.2	7251
558.4	7229
558.6	7209
558.8	7182
559.0	7156
559.2	7131
559.4	7104
559.6	7084
559.8	7066
560.0	7051
560.2	7031
560.4	7010
560.6	6985
560.8	6958
561.0	6933
561.2	6914
561.4	6896
561.6	6879
561.8	6855
562.0	6834
562.2	6813
562.4	6792
562.6	6777
562.8	6754
563.0	6727
563.2	6699
563.4	6665
563.6	6640
563.8	6621
564.0	6602
564.2	6581
564.4	6558
564.6	6528
564.8	6502
565.0	6480
565.2	6455
565.4	6426
565.6	6407
565.8	6387
566.0	6370
566.2	6354
566.4	6337
566.6	6314
566.8	6290
567.0	6267
567.2	6244
567.4	6222
567.6	6203
567.8	6182
568.0	6160
568.2	6142
568.4	6116
568.6	6090
568.8	6062
569.0	6040
569.2	6016
569.4	5995
569.6	5969
569.8	5942
570.0	5915
570.2	5892
570.4	5867
570.6	5844
570.8	5822
571.0	5804
571.2	5782
571.4	5761
571.6	5742
571.8	5720
572.0	5699
572.2	5676
572.4	5653
572.6	5636
572.8	5616
573.0	5592
573.2	5568
573.4	5536
573.6	5509
573.8	5482
574.0	5455
574.2	5433
574.4	5418
574.6	5399
574.8	5374
575.0	5345
575.2	5318
575.4	5296
575.6	5278
575.8	5257
576.0	5235
576.2	5210
576.4	5188
576.6	5170
576.8	5154
577.0	5139
577.2	5122
577.4	5098
577.6	5074
577.8	5047
578.0	5027
578.2	5006
578.4	4981
578.6	4957
578.8	4934
579.0	4911
579.2	4893
579.4	4866
579.6	4842
579.8	4813
580.0	4792
580.2	4771
580.4	4750
580.6	4731
580.8	4711
581.0	4688
581.2	4671
581.4	4653
581.6	4637
581.8	4619
582.0	4597
582.2	4571
582.4	4547
582.6	4525
582.8	4508
583.0	4490
583.2	4473
583.4	4450
583.6	4430
583.8	4406
584.0	4381
584.2	4356
584.4	4334
584.6	4316
584.8	4302
585.0	4281
585.2	4257
585.4	4235
585.6	4217
585.8	4201
586.0	4187
586.2	4172
586.4	4151
586.6	4130
586.8	4108
587.0	4087
587.2	4068
587.4	4050
587.6	4029
587.8	4005
588.0	3988
588.2	3970
588.4	3953
588.6	3938
588.8	3919
589.0	3897
589.2	3877
589.4	3853
589.6	3829
589.8	3808
590.0	3785
590.2	3769
590.4	3752
590.6	3739
590.8	3723
591.0	3707
591.2	3692
591.4	3676
591.6	3657
591.8	3639
592.0	3620
592.2	3602
592.4	3586
592.6	3567
592.8	3548
593.0	3529
593.2	3511
593.4	3491
593.6	3473
593.8	3454
594.0	3437
594.2	3423
594.4	3404
594.6	3386
594.8	3366
595.0	3345
595.2	3330
595.4	3312
595.6	3297
595.8	3283
596.0	3265
596.2	3250
596.4	3236
596.6	3219
596.8	3205
597.0	3187
597.2	3171
597.4	3157
597.6	3144
597.8	3128
598.0	3111
598.2	3090
598.4	3073
598.6	3057
598.8	3041
599.0	3024
599.2	3008
599.4	2992
599.6	2979
599.8	2964
600.0	2949
600.2	2933
600.4	2914
600.6	2898
600.8	2879
601.0	2867
601.2	2857
601.4	2849
601.6	2836
601.8	2821
602.0	2801
602.2	2789
602.4	2771
602.6	2755
602.8	2739
603.0	2722
603.2	2708
603.4	2693
603.6	2675
603.8	2658
604.0	2642
604.2	2626
604.4	2613
604.6	2598
604.8	2585
605.0	2571
605.2	2559
605.4	2545
605.6	2532
605.8	2519
606.0	2505
606.2	2488
606.4	2476
606.6	2464
606.8	2452
607.0	2438
607.2	2424
607.4	2407
607.6	2394
607.8	2380
608.0	2367
608.2	2354
608.4	2339
608.6	2325
608.8	2311
609.0	2298
609.2	2286
609.4	2273
609.6	2259
609.8	2246
610.0	2232
610.2	2218
610.4	2204
610.6	2193
610.8	2183
611.0	2175
611.2	2163
611.4	2149
611.6	2134
611.8	2121
612.0	2107
612.2	2096
612.4	2084
612.6	2071
612.8	2060
613.0	2046
613.2	2032
613.4	2018
613.6	2005
613.8	1993
614.0	1983
614.2	1970
614.4	1957
614.6	1945
614.8	1934
615.0	1922
615.2	1911
615.4	1900
615.6	1891
615.8	1882
616.0	1872
616.2	1861
616.4	1849
616.6	1837
616.8	1829
617.0	1816
617.2	1806
617.4	1793
617.6	1782
617.8	1770
618.0	1759
618.2	1748
618.4	1735
618.6	1724
618.8	1712
619.0	1702
619.2	1691
619.4	1682
619.6	1670
619.8	1660
620.0	1648
620.2	1639
620.4	1630
620.6	1622
620.8	1615
621.0	1605
621.2	1593
621.4	1580
621.6	1569
621.8	1560
622.0	1552
622.2	1542
622.4	1532
622.6	1521
622.8	1512
623.0	1504
623.2	1495
623.4	1484
623.6	1473
623.8	1460
624.0	1452
624.2	1444
624.4	1435
624.6	1425
624.8	1416
625.0	1406
625.2	1401
625.4	1394
625.6	1385
625.8	1375
626.0	1365
626.2	1355
626.4	1346
626.6	1338
626.8	1329
627.0	1318
627.2	1309
627.4	1301
627.6	1294
627.8	1286
628.0	1277
628.2	1266
628.4	1258
628.6	1249
628.8	1242
629.0	1233
629.2	1224
629.4	1215
629.6	1207
629.8	1198
630.0	1192
630.2	1186
630.4	1179
630.6	1171
630.8	1163
631.0	1154
631.2	1147
631.4	1140
631.6	1134
631.8	1125
632.0	1117
632.2	1109
632.4	1102
632.6	1095
632.8	1090
633.0	1082
633.2	1076
633.4	1068
633.6	1060
633.8	1051
634.0	1043
634.2	1035
634.4	1028
634.6	1021
634.8	1016
635.0	1010
635.2	1004
635.4	996.8
635.6	989.4
635.8	982.9
636.0	977.6
636.2	971.9
636.4	965.1
636.6	957.6
636.8	949.1
637.0	941.1
637.2	934.1
637.4	928.0
637.6	921.3
637.8	916.1
638.0	909.3
638.2	903.0
638.4	897.3
638.6	890.6
638.8	884.1
639.0	877.8
639.2	871.6
639.4	866.6
639.6	860.6
639.8	854.6
640.0	850.0
640.2	844.6
640.4	840.3
640.6	834.2
640.8	828.0
641.0	821.4
641.2	814.5
641.4	810.1
641.6	806.1
641.8	801.0
642.0	797.1
642.2	791.4
642.4	784.4
642.6	777.4
642.8	770.5
643.0	764.6
643.2	761.0
643.4	756.3
643.6	750.5
643.8	744.0
644.0	737.9
644.2	733.0
644.4	729.5
644.6	724.1
644.8	720.1
645.0	714.8
645.2	709.8
645.4	705.1
645.6	701.2
645.8	695.9
646.0	691.9
646.2	686.3
646.4	682.4
646.6	677.6
646.8	673.0
647.0	666.6
647.2	661.6
647.4	657.3
647.6	654.0
647.8	649.1
648.0	644.1
648.2	637.5
648.4	633.2
648.6	628.8
648.8	624.8
649.0	619.1
649.2	614.4
649.4	610.8
649.6	607.6
649.8	602.6
650.0	599.0
650.2	593.9
650.4	589.1
650.6	585.5
650.8	582.4
651.0	577.6
651.2	574.5
651.4	571.2
651.6	566.4
651.8	562.2
652.0	558.2
652.2	553.2
652.4	550.2
652.6	546.0
652.8	541.1
653.0	537.0
653.2	532.2
653.4	528.7
653.6	526.3
653.8	522.5
654.0	518.8
654.2	515.0
654.4	511.2
654.6	508.3
654.8	504.4
655.0	501.1
655.2	496.7
655.4	492.7
655.6	489.1
655.8	486.1
656.0	482.4
656.2	479.5
656.4	475.5
656.6	472.5
656.8	468.8
657.0	465.2
657.2	461.7
657.4	458.2
657.6	454.9
657.8	452.2
658.0	449.4
658.2	445.2
658.4	442.4
658.6	439.1
658.8	435.9
659.0	433.3
659.2	430.7
659.4	426.4
659.6	423.4
659.8	420.6
660.0	417.6
660.2	414.5
660.4	412.2
660.6	408.4
660.8	405.4
661.0	402.0
661.2	398.1
661.4	394.0
661.6	391.9
661.8	389.0
662.0	386.5
662.2	383.4
662.4	380.8
662.6	378.1
662.8	375.5
663.0	372.4
663.2	369.7
663.4	367.8
663.6	365.8
663.8	363.2
664.0	360.0
664.2	356.5
664.4	354.4
664.6	353.1
664.8	351.0
665.0	348.0
665.2	344.8
665.4	341.0
665.6	338.3
665.8	335.5
666.0	333.4
666.2	330.9
666.4	329.8
666.6	327.3
666.8	324.4
667.0	321.4
667.2	318.8
667.4	315.9
667.6	314.3
667.8	311.9
668.0	309.1
668.2	307.3
668.4	305.1
668.6	301.7
668.8	299.5
669.0	297.2
669.2	295.0
669.4	293.1
669.6	291.6
669.8	289.2
670.0	288.3
670.2	286.6
670.4	284.6
670.6	282.0
670.8	280.4
671.0	278.3
671.2	276.0
671.4	273.3
671.6	270.5
671.8	267.6
672.0	266.1
672.2	264.5
672.4	262.4
672.6	260.3
672.8	258.6
673.0	256.5
673.2	254.8
673.4	253.4
673.6	251.2
673.8	248.5
674.0	246.1
674.2	244.0
674.4	242.1
674.6	241.6
674.8	240.2
675.0	238.4
675.2	236.7
675.4	234.3
675.6	231.9
675.8	229.9
676.0	227.9
676.2	226.9
676.4	226.4
676.6	224.7
676.8	222.9
677.0	220.5
677.2	218.6
677.4	217.4
677.6	215.9
677.8	214.1
678.0	212.6
678.2	210.5
678.4	208.7
678.6	206.2
678.8	203.8
679.0	202.0
679.2	201.3
679.4	200.3
679.6	199.3
679.8	198.0
680.0	196.5
680.2	194.4
680.4	192.5
680.6	191.0
680.8	189.4
681.0	188.7
681.2	188.0
681.4	186.5
681.6	185.3
681.8	183.9
682.0	181.9
682.2	180.7
682.4	179.6
682.6	177.5
682.8	176.2
683.0	174.8
683.2	173.6
683.4	172.6
683.6	171.6
683.8	169.7
684.0	168.1
684.2	166.9
684.4	165.4
684.6	164.2
684.8	163.3
685.0	161.7
685.2	160.7
685.4	160.0
685.6	158.9
685.8	157.5
686.0	156.1
686.2	154.3
686.4	153.0
686.6	151.8
686.8	151.1
687.0	149.6
687.2	148.7
687.4	147.3
687.6	146.4
687.8	145.1
688.0	144.1
688.2	143.3
688.4	142.4
688.6	141.6
688.8	140.6
689.0	139.6
689.2	138.4
689.4	137.3
689.6	136.3
689.8	135.3
690.0	134.0
690.2	133.6
690.4	132.0
690.6	130.6
690.8	130.0
691.0	129.2
691.2	128.1
691.4	127.4
691.6	126.3
691.8	125.1
692.0	124.1
692.2	122.8
692.4	121.3
692.6	120.5
692.8	119.9
693.0	119.3
693.2	118.4
693.4	117.2
693.6	116.0
693.8	114.8
694.0	114.0
694.2	114.0
694.4	113.8
694.6	113.1
694.8	111.6
695.0	110.1
695.2	109.6
695.4	109.4
695.6	109.6
695.8	108.9
696.0	107.7
696.2	106.4
696.4	105.3
696.6	104.0
696.8	103.6
697.0	103.0
697.2	102.3
697.4	101.8
697.6	101.2
697.8	100.3
698.0	99.33
698.2	98.82
698.4	97.71
698.6	96.91
698.8	96.77
699.0	96.29
699.2	95.54
699.4	95.17
699.6	94.33
699.8	93.73
700.0	93.66
700.2	93.13
700.4	92.67
700.6	92.00
700.8	91.42
701.0	90.81
701.2	90.06
701.4	89.37
701.6	88.95
701.8	87.99
702.0	87.58
702.2	86.99
702.4	86.00
702.6	85.14
702.8	84.84
703.0	84.17
703.2	84.14
703.4	83.57
703.6	82.79
703.8	82.18
704.0	81.89
704.2	81.41
704.4	80.96
704.6	79.89
704.8	79.01
705.0	78.62
705.2	77.93
705.4	77.67
705.6	77.42
705.8	77.16
706.0	76.80
706.2	76.58
706.4	75.82
706.6	75.25
706.8	74.50
707.0	74.01
707.2	73.32
707.4	72.91
707.6	72.39
707.8	72.10
708.0	71.54
708.2	71.12
708.4	70.58
708.6	70.07
708.8	69.36
709.0	68.44
709.2	67.80
709.4	67.52
709.6	67.33
709.8	67.08
710.0	66.54
710.2	65.95
710.4	65.59
710.6	65.10
710.8	64.55
711.0	64.03
711.2	63.33
711.4	63.00
711.6	62.67
711.8	62.29
712.0	61.82
712.2	61.53
712.4	61.00
712.6	60.42
712.8	59.93
713.0	59.61
713.2	59.02
713.4	58.88
713.6	58.57
713.8	58.42
714.0	57.91
714.2	57.36
714.4	56.65
714.6	56.02
714.8	55.70
715.0	55.63
715.2	55.45
715.4	55.01
715.6	54.63
715.8	54.06
716.0	53.74
716.2	53.52
716.4	53.31
716.6	52.80
716.8	52.24
717.0	51.75
717.2	51.40
717.4	51.05
717.6	50.57
717.8	50.29
718.0	49.73
718.2	49.43
718.4	49.29
718.6	48.91
718.8	48.39
719.0	47.86
719.2	47.46
719.4	47.15
719.6	46.85
719.8	46.91
720.0	46.46
720.2	46.14
720.4	45.91
720.6	45.20
720.8	44.39
721.0	44.08
721.2	43.57
721.4	43.57
721.6	43.53
721.8	43.41
722.0	43.18
722.2	42.72
722.4	42.02
722.6	41.44
722.8	41.16
723.0	41.14
723.2	41.29
723.4	40.93
723.6	40.63
723.8	40.04
724.0	39.63
724.2	38.96
724.4	38.65
724.6	38.36
724.8	38.45
725.0	38.10
725.2	37.61
725.4	37.19
725.6	37.08
725.8	37.02
726.0	36.91
726.2	36.37
726.4	35.71
726.6	35.43
726.8	35.26
727.0	35.09
727.2	35.04
727.4	34.72
727.6	34.50
727.8	34.31
728.0	34.02
728.2	33.51
728.4	33.17
728.6	32.80
728.8	32.74
729.0	32.76
729.2	32.40
729.4	32.04
729.6	31.68
729.8	31.35
730.0	31.13
730.2	30.90
730.4	30.64
730.6	30.52
730.8	30.29
731.0	30.15
731.2	30.00
731.4	29.83
731.6	29.68
731.8	29.34
732.0	28.89
732.2	28.55
732.4	28.28
732.6	27.98
732.8	27.65
733.0	27.38
733.2	27.31
733.4	27.31
733.6	27.19
733.8	27.01
734.0	26.66
734.2	26.41
734.4	26.23
734.6	25.93
734.8	25.74
735.0	25.55
735.2	25.20
735.4	25.07
735.6	24.93
735.8	24.86
736.0	24.91
736.2	24.61
736.4	24.25
736.6	24.03
736.8	23.75
737.0	23.84
737.2	23.84
737.4	23.51
737.6	23.17
737.8	22.63
738.0	22.26
738.2	22.32
738.4	22.30
738.6	22.23
738.8	22.04
739.0	21.77
739.2	21.86
739.4	21.84
739.6	21.65
739.8	21.52
740.0	21.20
740.2	20.83
740.4	20.83
740.6	20.79
740.8	20.72
741.0	20.63
741.2	20.39
741.4	19.96
741.6	19.72
741.8	19.63
742.0	19.63
742.2	19.61
742.4	19.70
742.6	19.70
742.8	19.49
743.0	19.19
743.2	18.84
743.4	18.62
743.6	18.47
743.8	18.56
744.0	18.56
744.2	18.49
744.4	18.04
744.6	17.79
744.8	17.40
745.0	17.41
745.2	17.39
745.4	17.68
745.6	17.41
745.8	17.33
746.0	16.97
746.2	16.87
746.4	16.61
746.6	16.66
746.8	16.50
747.0	16.46
747.2	16.31
747.4	16.31
747.6	16.07
747.8	15.77
748.0	15.46
748.2	15.36
748.4	15.22
748.6	15.21
748.8	15.18
749.0	15.14
749.2	15.09
749.4	15.22
749.6	15.18
749.8	15.11
750.0	14.93
750.2	14.82
750.4	14.75
750.6	14.71
750.8	14.64
751.0	14.41
751.2	14.15
751.4	14.00
751.6	13.94
751.8	13.98
752.0	13.96
752.2	13.82
752.4	13.65
752.6	13.56
752.8	13.34
753.0	13.29
753.2	13.31
753.4	13.32
753.6	13.20
753.8	13.02
754.0	12.75
754.2	12.50
754.4	12.44
754.6	12.47
754.8	12.44
755.0	12.49
755.2	12.51
755.4	12.21
755.6	11.98
755.8	11.79
756.0	11.77
756.2	11.76
756.4	11.86
756.6	11.76
756.8	11.64
757.0	11.55
757.2	11.53
757.4	11.50
757.6	11.33
757.8	11.20
758.0	11.07
758.2	10.95
758.4	10.91
758.6	11.06
758.8	11.04
759.0	11.06
759.2	11.07
759.4	10.93
759.6	10.73
759.8	10.58
760.0	10.57
760.2	10.45
760.4	10.51
760.6	10.45
760.8	10.33
761.0	10.31
761.2	10.31
761.4	10.09
761.6	10.05
761.8	9.872
762.0	9.731
762.2	9.667
762.4	9.619
762.6	9.500
762.8	9.548
763.0	9.499
763.2	9.516
763.4	9.442
763.6	9.423
763.8	9.330
764.0	9.357
764.2	9.181
764.4	9.077
764.6	8.974
764.8	8.925
765.0	8.810
765.2	8.854
765.4	8.799
765.6	8.743
765.8	8.720
766.0	8.768
766.2	8.640
766.4	8.450
766.6	8.338
766.8	8.211
767.0	8.262
767.2	8.318
767.4	8.274
767.6	8.195
767.8	8.164
768.0	8.143
768.2	8.121
768.4	8.067
768.6	7.953
768.8	7.904
769.0	7.880
769.2	7.903
769.4	7.777
769.6	7.778
769.8	7.583
770.0	7.553
770.2	7.545
770.4	7.537
770.6	7.489
770.8	7.581
771.0	7.506
771.2	7.456
771.4	7.393
771.6	7.213
771.8	7.248
772.0	7.341
772.2	7.334
772.4	7.212
772.6	7.115
772.8	6.904
773.0	6.861
773.2	6.829
773.4	6.883
773.6	6.907
773.8	6.883
774.0	6.826
774.2	6.682
774.4	6.648
774.6	6.746
774.8	6.774
775.0	6.684
775.2	6.595
775.4	6.548
775.6	6.531
775.8	6.545
776.0	6.429
776.2	6.341
776.4	6.272
776.6	6.328
776.8	6.328
777.0	6.393
777.2	6.327
777.4	6.296
777.6	6.234
777.8	6.145
778.0	6.080
778.2	6.047
778.4	6.077
778.6	6.076
778.8	6.082
779.0	6.183
779.2	6.229
779.4	6.128
779.6	6.055
779.8	5.907
780.0	5.866
780.2	5.971
780.4	5.982
780.6	6.021
780.8	5.899
781.0	5.905
781.2	5.936
781.4	5.927
781.6	5.844
781.8	5.924
782.0	5.878
782.2	5.994
782.4	5.937
782.6	5.858
782.8	5.698
783.0	5.708
783.2	5.671
783.4	5.799
783.6	5.902
783.8	6.057
784.0	6.113
784.2	6.203
784.4	6.186
784.6	6.216
784.8	6.245
785.0	6.270
785.2	6.270
785.4	6.266
785.6	6.275
785.8	6.300
786.0	6.318
786.2	6.408
786.4	6.495
786.6	6.540
786.8	6.565
787.0	6.664
787.2	6.754
787.4	6.862
787.6	6.965
787.8	6.974
788.0	6.938
788.2	7.031
788.4	7.174
788.6	7.245
788.8	7.429
789.0	7.527
789.2	7.557
789.4	7.548
789.6	7.677
789.8	7.676
790.0	7.677
790.2	7.680
790.4	7.775
790.6	7.890
790.8	8.148
791.0	8.324
791.2	8.457
791.4	8.543
791.6	8.658
791.8	8.691
792.0	8.603
792.2	8.726
792.4	8.973
792.6	9.068
792.8	9.289
793.0	9.388
793.2	9.402
793.4	9.677
793.6	9.903
793.8	9.903
794.0	10.06
794.2	10.15
794.4	10.13
794.6	10.28
794.8	10.28
795.0	10.25
795.2	10.36
795.4	10.63
795.6	10.88
795.8	11.14
796.0	11.20
796.2	11.21
796.4	11.11
796.6	11.14
796.8	11.30
797.0	11.43
797.2	11.49
797.4	11.54
797.6	11.60
797.8	11.71
798.0	11.93
798.2	12.02
798.4	12.02
798.6	11.90
798.8	11.92
799.0	11.94
799.2	12.11
799.4	12.15
799.6	12.29
799.8	12.30
800.0	12.36
800.2	12.41
800.4	12.49
800.6	12.42
800.8	12.49
801.0	12.48
801.2	12.43
801.4	12.46
801.6	12.45
801.8	12.51
802.0	12.61
802.2	12.61
802.4	12.54
802.6	12.55
802.8	12.50
803.0	12.58
803.2	12.72
803.4	12.77
803.6	12.87
803.8	12.91
804.0	12.79
804.2	12.72
804.4	12.70
804.6	12.52
804.8	12.51
805.0	12.51
805.2	12.51
805.4	12.56
805.6	12.51
805.8	12.43
806.0	12.42
806.2	12.32
806.4	12.20
806.6	11.98
806.8	11.77
807.0	11.78
807.2	11.78
807.4	11.82
807.6	11.83
807.8	11.79
808.0	11.69
808.2	11.58
808.4	11.35
808.6	11.37
808.8	11.39
809.0	11.38
809.2	11.14
809.4	10.84
809.6	10.66
809.8	10.71
810.0	10.82
810.2	10.84
810.4	10.76
810.6	10.53
810.8	10.33
811.0	10.20
811.2	10.11
811.4	10.03
811.6	9.922
811.8	9.635
812.0	9.380
812.2	9.310
812.4	9.256
812.6	9.281
812.8	9.233
813.0	9.056
813.2	8.959
813.4	8.887
813.6	8.732
813.8	8.631
814.0	8.435
814.2	8.151
814.4	8.061
814.6	7.908
814.8	7.839
815.0	7.757
815.2	7.682
815.4	7.566
815.6	7.502
815.8	7.280
816.0	7.126
816.2	7.001
816.4	6.955
816.6	6.905
816.8	6.807
817.0	6.697
817.2	6.565
817.4	6.458
817.6	6.280
817.8	6.248
818.0	6.115
818.2	6.165
818.4	6.010
818.6	5.896
818.8	5.692
819.0	5.751
819.2	5.660
819.4	5.661
819.6	5.572
819.8	5.441
820.0	5.304
820.2	5.275
820.4	5.243
820.6	5.154
820.8	5.219
821.0	5.120
821.2	4.938
821.4	4.840
821.6	4.781
821.8	4.620
822.0	4.612
822.2	4.608
822.4	4.519
822.6	4.591
822.8	4.579
823.0	4.500
823.2	4.433
823.4	4.361
823.6	4.224
823.8	4.062
824.0	3.980
824.2	3.988
824.4	3.998
824.6	4.052
824.8	4.049
825.0	3.940
825.2	3.907
825.4	3.864
825.6	3.835
825.8	3.859
826.0	3.810
826.2	3.690
826.4	3.729
826.6	3.706
826.8	3.720
827.0	3.744
827.2	3.636
827.4	3.516
827.6	3.532
827.8	3.507
828.0	3.521
828.2	3.533
828.4	3.454
828.6	3.476
828.8	3.478
829.0	3.568
829.2	3.609
829.4	3.647
829.6	3.585
829.8	3.601
830.0	3.515
830.2	3.563
830.4	3.500
830.6	3.484
830.8	3.405
831.0	3.449
831.2	3.426
831.4	3.490
831.6	3.378
831.8	3.303
832.0	3.278
832.2	3.352
832.4	3.438
832.6	3.501
832.8	3.363
833.0	3.324
833.2	3.298
833.4	3.245
833.6	3.241
833.8	3.231
834.0	3.174
834.2	3.220
834.4	3.265
834.6	3.254
834.8	3.212
835.0	3.153
835.2	3.169
835.4	3.216
835.6	3.269
835.8	3.296
836.0	3.287
836.2	3.281
836.4	3.306
836.6	3.282
836.8	3.223
837.0	3.183
837.2	3.159
837.4	3.191
837.6	3.176
837.8	3.105
838.0	3.109
838.2	3.105
838.4	3.108
838.6	3.118
838.8	3.082
839.0	2.934
839.2	2.957
839.4	3.032
839.6	3.200
839.8	3.291
840.0	3.227
840.2	3.074
840.4	2.973
840.6	2.927
840.8	2.930
841.0	2.997
841.2	2.973
841.4	3.066
841.6	3.141
841.8	3.162
842.0	3.128
842.2	3.144
842.4	3.056
842.6	3.030
842.8	2.987
843.0	2.954
843.2	2.930
843.4	2.948
843.6	3.043
843.8	3.103
844.0	3.100
844.2	3.123
844.4	3.031
844.6	2.946
844.8	2.993
845.0	3.041
845.2	3.104
845.4	3.140
845.6	3.054
845.8	2.972
846.0	2.955
846.2	2.967
846.4	2.981
846.6	2.973
846.8	2.952
847.0	2.969
847.2	3.045
847.4	3.040
847.6	3.017
847.8	3.045
848.0	3.050
848.2	3.055
848.4	3.030
848.6	2.977
848.8	3.047
849.0	3.032
849.2	3.066
849.4	3.119
849.6	3.076
849.8	2.990
850.0	2.864

