nm    	Abs   
500.00 	0.089 
499.00 	0.090 
498.00 	0.089 
497.00 	0.090 
496.00 	0.090 
495.00 	0.091 
494.00 	0.091 
493.00 	0.092 
492.00 	0.093 
491.00 	0.093 
490.00 	0.093 
489.00 	0.094 
488.00 	0.093 
487.00 	0.093 
486.00 	0.094 
485.00 	0.095 
484.00 	0.096 
483.00 	0.096 
482.00 	0.097 
481.00 	0.097 
480.00 	0.097 
479.00 	0.098 
478.00 	0.100 
477.00 	0.100 
476.00 	0.102 
475.00 	0.104 
474.00 	0.106 
473.00 	0.107 
472.00 	0.109 
471.00 	0.111 
470.00 	0.112 
469.00 	0.113 
468.00 	0.115 
467.00 	0.116 
466.00 	0.117 
465.00 	0.118 
464.00 	0.120 
463.00 	0.121 
462.00 	0.122 
461.00 	0.124 
460.00 	0.125 
459.00 	0.126 
458.00 	0.128 
457.00 	0.130 
456.00 	0.132 
455.00 	0.133 
454.00 	0.135 
453.00 	0.136 
452.00 	0.137 
451.00 	0.138 
450.00 	0.140 
449.00 	0.141 
448.00 	0.142 
447.00 	0.143 
446.00 	0.145 
445.00 	0.145 
444.00 	0.146 
443.00 	0.146 
442.00 	0.148 
441.00 	0.148 
440.00 	0.149 
439.00 	0.151 
438.00 	0.152 
437.00 	0.153 
436.00 	0.154 
435.00 	0.156 
434.00 	0.156 
433.00 	0.157 
432.00 	0.159 
431.00 	0.160 
430.00 	0.161 
429.00 	0.163 
428.00 	0.164 
427.00 	0.166 
426.00 	0.167 
425.00 	0.170 
424.00 	0.170 
423.00 	0.171 
422.00 	0.177 
421.00 	0.179 
420.00 	0.181 
419.00 	0.182 
418.00 	0.183 
417.00 	0.185 
416.00 	0.186 
415.00 	0.188 
414.00 	0.190 
413.00 	0.193 
412.00 	0.195 
411.00 	0.197 
410.00 	0.200 
409.00 	0.203 
408.00 	0.206 
407.00 	0.209 
406.00 	0.212 
405.00 	0.216 
404.00 	0.221 
403.00 	0.227 
402.00 	0.232 
401.00 	0.238 
400.00 	0.246 
399.00 	0.253 
398.00 	0.261 
397.00 	0.270 
396.00 	0.280 
395.00 	0.291 
394.00 	0.302 
393.00 	0.316 
392.00 	0.330 
391.00 	0.345 
390.00 	0.361 
389.00 	0.378 
388.00 	0.395 
387.00 	0.413 
386.00 	0.433 
385.00 	0.453 
384.00 	0.474 
383.00 	0.496 
382.00 	0.518 
381.00 	0.540 
380.00 	0.562 
379.00 	0.584 
378.00 	0.606 
377.00 	0.627 
376.00 	0.649 
375.00 	0.671 
374.00 	0.692 
373.00 	0.713 
372.00 	0.734 
371.00 	0.754 
370.00 	0.772 
369.00 	0.791 
368.00 	0.809 
367.00 	0.826 
366.00 	0.842 
365.00 	0.858 
364.00 	0.875 
363.00 	0.888 
362.00 	0.903 
361.00 	0.840 
360.00 	0.864 
359.00 	0.881 
358.00 	0.894 
357.00 	0.906 
356.00 	0.914 
355.00 	0.921 
354.00 	0.927 
353.00 	0.933 
352.00 	0.937 
351.00 	0.942 
350.00 	0.872 
349.00 	0.888 
348.00 	0.902 
347.00 	0.915 
346.00 	0.923 
345.00 	0.926 
344.00 	0.929 
343.00 	0.930 
342.00 	0.930 
341.00 	0.927 
340.00 	0.925 
339.00 	0.922 
338.00 	0.892 
337.00 	0.852 
336.00 	0.864 
335.00 	0.884 
334.00 	0.878 
333.00 	0.871 
332.00 	0.865 
331.00 	0.857 
330.00 	0.786 
329.00 	0.792 
328.00 	0.793 
327.00 	0.789 
326.00 	0.782 
325.00 	0.771 
324.00 	0.760 
323.00 	0.746 
322.00 	0.732 
321.00 	0.715 
320.00 	0.700 
319.00 	0.683 
318.00 	0.660 
317.00 	0.608 
316.00 	0.606 
315.00 	0.596 
314.00 	0.583 
313.00 	0.567 
312.00 	0.551 
311.00 	0.535 
310.00 	0.520 
309.00 	0.504 
308.00 	0.489 
307.00 	0.475 
306.00 	0.460 
305.00 	0.426 
304.00 	0.412 
303.00 	0.407 
302.00 	0.398 
301.00 	0.389 
300.00 	0.380 
299.00 	0.371 
298.00 	0.362 
297.00 	0.355 
296.00 	0.347 
295.00 	0.340 
294.00 	0.334 
293.00 	0.328 
292.00 	0.321 
291.00 	0.299 
290.00 	0.301 
289.00 	0.302 
288.00 	0.301 
287.00 	0.301 
286.00 	0.300 
285.00 	0.298 
284.00 	0.299 
283.00 	0.299 
282.00 	0.299 
281.00 	0.301 
280.00 	0.304 
279.00 	0.306 
278.00 	0.304 
277.00 	0.294 
276.00 	0.302 
275.00 	0.309 
274.00 	0.317 
273.00 	0.323 
272.00 	0.329 
271.00 	0.336 
270.00 	0.343 
269.00 	0.351 
268.00 	0.359 
267.00 	0.368 
266.00 	0.379 
265.00 	0.392 
264.00 	0.390 
263.00 	0.404 
262.00 	0.427 
261.00 	0.454 
260.00 	0.486 
259.00 	0.518 
258.00 	0.551 
257.00 	0.588 
256.00 	0.621 
255.00 	0.652 
254.00 	0.678 
253.00 	0.701 
252.00 	0.715 
251.00 	0.720 
250.00 	0.699 
249.00 	0.700 
248.00 	0.705 
247.00 	0.704 
246.00 	0.698 
245.00 	0.691 
244.00 	0.684 
243.00 	0.679 
242.00 	0.672 
241.00 	0.664 
240.00 	0.654 
239.00 	0.644 
238.00 	0.634 
237.00 	0.625 
236.00 	0.613 
235.00 	0.603 
234.00 	0.592 
233.00 	0.580 
232.00 	0.569 
231.00 	0.558 
230.00 	0.549 
229.00 	0.537 
228.00 	0.525 
227.00 	0.513 
226.00 	0.500 
225.00 	0.489 
224.00 	0.479 
223.00 	0.466 
222.00 	0.457 
221.00 	0.446 
220.00 	0.434 
219.00 	0.422 
218.00 	0.409 
217.00 	0.390 
216.00 	0.368 
215.00 	0.344 
214.00 	0.320 
213.00 	0.288 
212.00 	0.255 
211.00 	0.213 
210.00 	0.165 
209.00 	0.105 
208.00 	0.028 
207.00 	-0.072 
206.00 	-0.198 
205.00 	-0.355 
204.00 	-0.527 
203.00 	-0.742 
202.00 	-0.995 
201.00 	-1.252 
200.00 	-1.491 
199.00 	-1.667 
198.00 	-1.734 
197.00 	-1.708 
196.00 	-1.612 
195.00 	-1.530 
194.00 	-1.380 
193.00 	-1.222 
192.00 	-1.048 
191.00 	-0.866 
190.00 	-0.637 
