nm    	Abs  
500.00 	0.016 
499.00 	0.017 
498.00 	0.016 
497.00 	0.016 
496.00 	0.017 
495.00 	0.017 
494.00 	0.017 
493.00 	0.018 
492.00 	0.019 
491.00 	0.019 
490.00 	0.018 
489.00 	0.019 
488.00 	0.019 
487.00 	0.019 
486.00 	0.020 
485.00 	0.021 
484.00 	0.021 
483.00 	0.021 
482.00 	0.022 
481.00 	0.022 
480.00 	0.022 
479.00 	0.023 
478.00 	0.025 
477.00 	0.024 
476.00 	0.024 
475.00 	0.025 
474.00 	0.026 
473.00 	0.026 
472.00 	0.027 
471.00 	0.028 
470.00 	0.028 
469.00 	0.029 
468.00 	0.030 
467.00 	0.031 
466.00 	0.030 
465.00 	0.032 
464.00 	0.034 
463.00 	0.034 
462.00 	0.035 
461.00 	0.036 
460.00 	0.037 
459.00 	0.037 
458.00 	0.039 
457.00 	0.041 
456.00 	0.042 
455.00 	0.042 
454.00 	0.043 
453.00 	0.044 
452.00 	0.044 
451.00 	0.045 
450.00 	0.047 
449.00 	0.047 
448.00 	0.048 
447.00 	0.049 
446.00 	0.050 
445.00 	0.049 
444.00 	0.050 
443.00 	0.051 
442.00 	0.051 
441.00 	0.052 
440.00 	0.053 
439.00 	0.053 
438.00 	0.053 
437.00 	0.054 
436.00 	0.054 
435.00 	0.055 
434.00 	0.056 
433.00 	0.057 
432.00 	0.057 
431.00 	0.058 
430.00 	0.058 
429.00 	0.059 
428.00 	0.061 
427.00 	0.061 
426.00 	0.063 
425.00 	0.064 
424.00 	0.064 
423.00 	0.064 
422.00 	0.066 
421.00 	0.067 
420.00 	0.068 
419.00 	0.068 
418.00 	0.069 
417.00 	0.070 
416.00 	0.071 
415.00 	0.073 
414.00 	0.075 
413.00 	0.076 
412.00 	0.078 
411.00 	0.079 
410.00 	0.081 
409.00 	0.083 
408.00 	0.086 
407.00 	0.090 
406.00 	0.093 
405.00 	0.097 
404.00 	0.101 
403.00 	0.106 
402.00 	0.110 
401.00 	0.117 
400.00 	0.124 
399.00 	0.131 
398.00 	0.140 
397.00 	0.149 
396.00 	0.159 
395.00 	0.170 
394.00 	0.181 
393.00 	0.195 
392.00 	0.209 
391.00 	0.225 
390.00 	0.241 
389.00 	0.259 
388.00 	0.277 
387.00 	0.295 
386.00 	0.316 
385.00 	0.338 
384.00 	0.359 
383.00 	0.384 
382.00 	0.408 
381.00 	0.432 
380.00 	0.456 
379.00 	0.482 
378.00 	0.507 
377.00 	0.532 
376.00 	0.558 
375.00 	0.584 
374.00 	0.610 
373.00 	0.637 
372.00 	0.664 
371.00 	0.689 
370.00 	0.714 
369.00 	0.741 
368.00 	0.766 
367.00 	0.792 
366.00 	0.817 
365.00 	0.842 
364.00 	0.866 
363.00 	0.889 
362.00 	0.913 
361.00 	0.947 
360.00 	0.969 
359.00 	0.989 
358.00 	1.009 
357.00 	1.029 
356.00 	1.047 
355.00 	1.065 
354.00 	1.082 
353.00 	1.097 
352.00 	1.111 
351.00 	1.124 
350.00 	1.136 
349.00 	1.145 
348.00 	1.154 
347.00 	1.161 
346.00 	1.165 
345.00 	1.166 
344.00 	1.167 
343.00 	1.165 
342.00 	1.160 
341.00 	1.153 
340.00 	1.146 
339.00 	1.134 
338.00 	1.122 
337.00 	1.109 
336.00 	1.091 
335.00 	1.071 
334.00 	1.053 
333.00 	1.035 
332.00 	1.013 
331.00 	0.989 
330.00 	0.964 
329.00 	0.940 
328.00 	0.913 
327.00 	0.885 
326.00 	0.859 
325.00 	0.831 
324.00 	0.802 
323.00 	0.773 
322.00 	0.743 
321.00 	0.713 
320.00 	0.683 
319.00 	0.654 
318.00 	0.626 
317.00 	0.599 
316.00 	0.573 
315.00 	0.547 
314.00 	0.521 
313.00 	0.495 
312.00 	0.470 
311.00 	0.445 
310.00 	0.423 
309.00 	0.401 
308.00 	0.382 
307.00 	0.362 
306.00 	0.343 
305.00 	0.327 
304.00 	0.310 
303.00 	0.294 
302.00 	0.279 
301.00 	0.265 
300.00 	0.252 
299.00 	0.240 
298.00 	0.230 
297.00 	0.221 
296.00 	0.211 
295.00 	0.202 
294.00 	0.196 
293.00 	0.188 
292.00 	0.182 
291.00 	0.177 
290.00 	0.173 
289.00 	0.170 
288.00 	0.168 
287.00 	0.166 
286.00 	0.164 
285.00 	0.163 
284.00 	0.163 
283.00 	0.163 
282.00 	0.165 
281.00 	0.168 
280.00 	0.171 
279.00 	0.174 
278.00 	0.178 
277.00 	0.182 
276.00 	0.186 
275.00 	0.191 
274.00 	0.197 
273.00 	0.204 
272.00 	0.213 
271.00 	0.221 
270.00 	0.230 
269.00 	0.240 
268.00 	0.252 
267.00 	0.264 
266.00 	0.279 
265.00 	0.297 
264.00 	0.317 
263.00 	0.344 
262.00 	0.376 
261.00 	0.414 
260.00 	0.462 
259.00 	0.517 
258.00 	0.582 
257.00 	0.660 
256.00 	0.745 
255.00 	0.837 
254.00 	0.931 
253.00 	1.030 
252.00 	1.123 
251.00 	1.208 
250.00 	1.286 
249.00 	1.354 
248.00 	1.411 
247.00 	1.465 
246.00 	1.511 
245.00 	1.549 
244.00 	1.584 
243.00 	1.609 
242.00 	1.627 
241.00 	1.638 
240.00 	1.647 
239.00 	1.650 
238.00 	1.651 
237.00 	1.650 
236.00 	1.647 
235.00 	1.641 
234.00 	1.640 
233.00 	1.639 
232.00 	1.635 
231.00 	1.636 
230.00 	1.647 
229.00 	1.662 
228.00 	1.674 
227.00 	1.694 
226.00 	1.719 
225.00 	1.747 
224.00 	1.784 
223.00 	1.825 
222.00 	1.890 
221.00 	1.958 
220.00 	2.024 
219.00 	2.089 
218.00 	2.148 
217.00 	2.232 
216.00 	2.284 
215.00 	2.296 
214.00 	2.375 
213.00 	2.353 
212.00 	2.437 
211.00 	2.403 
210.00 	2.359 
209.00 	2.323 
208.00 	2.231 
207.00 	2.160 
206.00 	2.056 
205.00 	1.913 
204.00 	1.751 
203.00 	1.553 
202.00 	1.406 
201.00 	1.199 
200.00 	1.109 
199.00 	0.850 
198.00 	0.812 
197.00 	0.850 
196.00 	0.869 
195.00 	0.652 
194.00 	0.635 
193.00 	0.627 
192.00 	0.680 
191.00 	0.605 
190.00 	0.661 
