nm    	Abs   
500.00 	0.189 
499.00 	0.193 
498.00 	0.196 
497.00 	0.201 
496.00 	0.205 
495.00 	0.210 
494.00 	0.214 
493.00 	0.220 
492.00 	0.225 
491.00 	0.230 
490.00 	0.236 
489.00 	0.242 
488.00 	0.247 
487.00 	0.253 
486.00 	0.258 
485.00 	0.263 
484.00 	0.267 
483.00 	0.271 
482.00 	0.275 
481.00 	0.279 
480.00 	0.282 
479.00 	0.286 
478.00 	0.290 
477.00 	0.293 
476.00 	0.294 
475.00 	0.297 
474.00 	0.301 
473.00 	0.303 
472.00 	0.306 
471.00 	0.310 
470.00 	0.314 
469.00 	0.317 
468.00 	0.320 
467.00 	0.324 
466.00 	0.326 
465.00 	0.331 
464.00 	0.335 
463.00 	0.340 
462.00 	0.344 
461.00 	0.348 
460.00 	0.352 
459.00 	0.355 
458.00 	0.358 
457.00 	0.361 
456.00 	0.364 
455.00 	0.365 
454.00 	0.367 
453.00 	0.368 
452.00 	0.368 
451.00 	0.367 
450.00 	0.368 
449.00 	0.367 
448.00 	0.365 
447.00 	0.365 
446.00 	0.364 
445.00 	0.362 
444.00 	0.360 
443.00 	0.358 
442.00 	0.356 
441.00 	0.355 
440.00 	0.354 
439.00 	0.353 
438.00 	0.351 
437.00 	0.350 
436.00 	0.349 
435.00 	0.346 
434.00 	0.344 
433.00 	0.343 
432.00 	0.340 
431.00 	0.338 
430.00 	0.336 
429.00 	0.333 
428.00 	0.330 
427.00 	0.326 
426.00 	0.323 
425.00 	0.319 
424.00 	0.316 
423.00 	0.313 
422.00 	0.309 
421.00 	0.305 
420.00 	0.301 
419.00 	0.297 
418.00 	0.294 
417.00 	0.291 
416.00 	0.286 
415.00 	0.283 
414.00 	0.279 
413.00 	0.275 
412.00 	0.271 
411.00 	0.267 
410.00 	0.263 
409.00 	0.260 
408.00 	0.256 
407.00 	0.253 
406.00 	0.249 
405.00 	0.245 
404.00 	0.241 
403.00 	0.238 
402.00 	0.234 
401.00 	0.231 
400.00 	0.227 
399.00 	0.223 
398.00 	0.219 
397.00 	0.215 
396.00 	0.212 
395.00 	0.208 
394.00 	0.204 
393.00 	0.201 
392.00 	0.199 
391.00 	0.195 
390.00 	0.193 
389.00 	0.190 
388.00 	0.187 
387.00 	0.184 
386.00 	0.182 
385.00 	0.179 
384.00 	0.176 
383.00 	0.175 
382.00 	0.173 
381.00 	0.171 
380.00 	0.169 
379.00 	0.168 
378.00 	0.166 
377.00 	0.164 
376.00 	0.162 
375.00 	0.162 
374.00 	0.160 
373.00 	0.159 
372.00 	0.159 
371.00 	0.157 
370.00 	0.157 
369.00 	0.156 
368.00 	0.155 
367.00 	0.154 
366.00 	0.153 
365.00 	0.153 
364.00 	0.153 
363.00 	0.152 
362.00 	0.152 
361.00 	0.175 
360.00 	0.175 
359.00 	0.174 
358.00 	0.174 
357.00 	0.174 
356.00 	0.174 
355.00 	0.175 
354.00 	0.175 
353.00 	0.175 
352.00 	0.174 
351.00 	0.174 
350.00 	0.174 
349.00 	0.174 
348.00 	0.175 
347.00 	0.176 
346.00 	0.177 
345.00 	0.176 
344.00 	0.177 
343.00 	0.178 
342.00 	0.178 
341.00 	0.178 
340.00 	0.179 
339.00 	0.179 
338.00 	0.180 
337.00 	0.182 
336.00 	0.182 
335.00 	0.182 
334.00 	0.182 
333.00 	0.183 
332.00 	0.183 
331.00 	0.185 
330.00 	0.186 
329.00 	0.187 
328.00 	0.187 
327.00 	0.189 
326.00 	0.189 
325.00 	0.190 
324.00 	0.191 
323.00 	0.193 
322.00 	0.194 
321.00 	0.197 
320.00 	0.198 
319.00 	0.201 
318.00 	0.203 
317.00 	0.206 
316.00 	0.209 
315.00 	0.212 
314.00 	0.216 
313.00 	0.221 
312.00 	0.226 
311.00 	0.233 
310.00 	0.240 
309.00 	0.248 
308.00 	0.256 
307.00 	0.264 
306.00 	0.273 
305.00 	0.282 
304.00 	0.292 
303.00 	0.302 
302.00 	0.313 
301.00 	0.324 
300.00 	0.335 
299.00 	0.346 
298.00 	0.358 
297.00 	0.370 
296.00 	0.383 
295.00 	0.396 
294.00 	0.410 
293.00 	0.425 
292.00 	0.440 
291.00 	0.456 
290.00 	0.473 
289.00 	0.490 
288.00 	0.507 
287.00 	0.527 
286.00 	0.548 
285.00 	0.571 
284.00 	0.596 
283.00 	0.623 
282.00 	0.651 
281.00 	0.679 
280.00 	0.702 
279.00 	0.723 
278.00 	0.740 
277.00 	0.758 
276.00 	0.776 
275.00 	0.797 
274.00 	0.809 
273.00 	0.809 
272.00 	0.807 
271.00 	0.815 
270.00 	0.829 
269.00 	0.845 
268.00 	0.857 
267.00 	0.863 
266.00 	0.866 
265.00 	0.870 
264.00 	0.875 
263.00 	0.880 
262.00 	0.884 
261.00 	0.884 
260.00 	0.883 
259.00 	0.879 
258.00 	0.871 
257.00 	0.864 
256.00 	0.854 
255.00 	0.843 
254.00 	0.831 
253.00 	0.817 
252.00 	0.803 
251.00 	0.788 
250.00 	0.775 
249.00 	0.763 
248.00 	0.753 
247.00 	0.746 
246.00 	0.742 
245.00 	0.740 
244.00 	0.743 
243.00 	0.751 
242.00 	0.765 
241.00 	0.783 
240.00 	0.811 
239.00 	0.847 
238.00 	0.891 
237.00 	0.948 
236.00 	1.017 
235.00 	1.100 
234.00 	1.196 
233.00 	1.304 
232.00 	1.411 
231.00 	1.510 
230.00 	1.572 
229.00 	1.611 
228.00 	1.635 
227.00 	1.634 
226.00 	1.628 
225.00 	1.623 
224.00 	1.611 
223.00 	1.606 
222.00 	1.597 
221.00 	1.590 
220.00 	1.581 
219.00 	1.573 
218.00 	1.569 
217.00 	1.544 
216.00 	1.529 
215.00 	1.514 
214.00 	1.487 
213.00 	1.457 
212.00 	1.431 
211.00 	1.396 
210.00 	1.345 
209.00 	1.296 
208.00 	1.226 
207.00 	1.129 
206.00 	1.000 
205.00 	0.854 
204.00 	0.684 
203.00 	0.474 
202.00 	0.236 
201.00 	-0.018 
200.00 	-0.255 
199.00 	-0.439 
198.00 	-0.492 
197.00 	-0.479 
196.00 	-0.392 
195.00 	-0.313 
194.00 	-0.182 
193.00 	-0.051 
192.00 	0.073 
191.00 	0.203 
190.00 	0.339 
