
nm	Data
370.0	3.436
370.2	4.840
370.4	9.235
370.6	13.87
370.8	13.28
371.0	10.82
371.2	8.413
371.4	8.529
371.6	8.738
371.8	10.68
372.0	6.258
372.2	3.459
372.4	1.859
372.6	3.891
372.8	5.653
373.0	10.90
373.2	9.972
373.4	9.133
373.6	10.41
373.8	7.826
374.0	6.785
374.2	11.32
374.4	8.170
374.6	8.275
374.8	9.793
375.0	7.249
375.2	6.885
375.4	7.068
375.6	6.345
375.8	6.157
376.0	8.877
376.2	7.191
376.4	6.136
376.6	5.397
376.8	6.191
377.0	4.964
377.2	5.977
377.4	7.850
377.6	8.659
377.8	8.767
378.0	7.420
378.2	3.872
378.4	3.693
378.6	8.486
378.8	9.163
379.0	8.368
379.2	8.099
379.4	4.310
379.6	3.743
379.8	3.917
380.0	2.006
380.2	2.996
380.4	5.700
380.6	6.232
380.8	7.999
381.0	8.907
381.2	10.43
381.4	13.66
381.6	14.65
381.8	13.91
382.0	11.23
382.2	10.84
382.4	9.909
382.6	8.099
382.8	8.832
383.0	10.99
383.2	11.13
383.4	14.54
383.6	17.24
383.8	16.25
384.0	13.47
384.2	9.831
384.4	5.951
384.6	3.042
384.8	10.11
385.0	15.00
385.2	14.78
385.4	15.45
385.6	11.75
385.8	7.658
386.0	7.537
386.2	8.591
386.4	8.306
386.6	7.719
386.8	7.794
387.0	8.706
387.2	9.645
387.4	12.06
387.6	11.80
387.8	8.601
388.0	11.91
388.2	14.12
388.4	19.21
388.6	22.38
388.8	19.38
389.0	17.32
389.2	15.36
389.4	10.33
389.6	9.526
389.8	11.47
390.0	10.81
390.2	10.65
390.4	12.63
390.6	10.49
390.8	10.46
391.0	11.54
391.2	10.08
391.4	10.42
391.6	14.32
391.8	17.89
392.0	20.08
392.2	19.50
392.4	16.44
392.6	16.10
392.8	15.35
393.0	17.81
393.2	21.08
393.4	19.76
393.6	18.55
393.8	15.65
394.0	15.01
394.2	12.33
394.4	13.85
394.6	12.65
394.8	15.93
395.0	16.14
395.2	20.05
395.4	18.69
395.6	16.98
395.8	14.81
396.0	21.47
396.2	22.30
396.4	27.08
396.6	28.90
396.8	25.67
397.0	22.35
397.2	22.86
397.4	20.96
397.6	19.57
397.8	21.15
398.0	23.07
398.2	22.17
398.4	23.07
398.6	21.50
398.8	19.73
399.0	22.25
399.2	24.06
399.4	27.85
399.6	31.22
399.8	31.68
400.0	34.45
400.2	34.86
400.4	31.86
400.6	34.99
400.8	30.58
401.0	33.09
401.2	34.74
401.4	38.55
401.6	42.95
401.8	47.57
402.0	43.44
402.2	39.80
402.4	33.53
402.6	35.33
402.8	41.29
403.0	44.14
403.2	39.98
403.4	42.63
403.6	44.41
403.8	47.12
404.0	51.39
404.2	50.01
404.4	47.98
404.6	52.20
404.8	55.15
405.0	58.92
405.2	58.89
405.4	56.20
405.6	55.15
405.8	49.32
406.0	45.32
406.2	47.42
406.4	47.19
406.6	50.32
406.8	54.92
407.0	52.96
407.2	60.75
407.4	69.00
407.6	73.83
407.8	75.38
408.0	72.60
408.2	67.98
408.4	72.56
408.6	80.21
408.8	85.07
409.0	89.06
409.2	89.92
409.4	90.21
409.6	91.67
409.8	92.47
410.0	99.98
410.2	102.4
410.4	111.2
410.6	107.3
410.8	106.5
411.0	105.8
411.2	114.9
411.4	111.3
411.6	123.2
411.8	124.1
412.0	122.2
412.2	127.5
412.4	134.7
412.6	135.8
412.8	142.5
413.0	149.5
413.2	143.1
413.4	146.8
413.6	153.8
413.8	152.8
414.0	155.7
414.2	163.4
414.4	163.1
414.6	172.6
414.8	183.2
415.0	178.8
415.2	180.2
415.4	181.7
415.6	179.4
415.8	184.2
416.0	191.6
416.2	187.3
416.4	193.3
416.6	204.7
416.8	206.7
417.0	212.3
417.2	221.0
417.4	222.4
417.6	223.1
417.8	224.2
418.0	223.6
418.2	229.7
418.4	246.4
418.6	264.5
418.8	264.8
419.0	264.1
419.2	263.0
419.4	262.3
419.6	272.0
419.8	274.2
420.0	273.2
420.2	276.6
420.4	288.7
420.6	295.9
420.8	317.1
421.0	315.0
421.2	318.4
421.4	329.6
421.6	346.9
421.8	351.5
422.0	360.7
422.2	362.9
422.4	375.3
422.6	389.9
422.8	402.0
423.0	400.3
423.2	396.3
423.4	391.6
423.6	392.8
423.8	396.9
424.0	423.1
424.2	436.5
424.4	462.0
424.6	464.2
424.8	472.9
425.0	471.1
425.2	467.1
425.4	454.1
425.6	454.7
425.8	436.2
426.0	457.9
426.2	482.1
426.4	478.0
426.6	495.4
426.8	511.1
427.0	509.0
427.2	526.4
427.4	543.0
427.6	554.0
427.8	592.5
428.0	606.1
428.2	607.2
428.4	601.7
428.6	593.0
428.8	618.3
429.0	662.4
429.2	677.0
429.4	662.5
429.6	654.8
429.8	647.1
430.0	667.7
430.2	706.0
430.4	724.8
430.6	712.1
430.8	730.2
431.0	745.8
431.2	769.3
431.4	789.0
431.6	777.5
431.8	765.2
432.0	782.7
432.2	795.3
432.4	810.1
432.6	832.9
432.8	854.0
433.0	873.7
433.2	872.7
433.4	867.0
433.6	852.8
433.8	868.3
434.0	900.2
434.2	919.7
434.4	906.4
434.6	901.0
434.8	895.2
435.0	933.9
435.2	980.7
435.4	1025
435.6	1026
435.8	1018
436.0	1005
436.2	1000
436.4	1009
436.6	1047
436.8	1048
437.0	1064
437.2	1096
437.4	1091
437.6	1097
437.8	1145
438.0	1157
438.2	1171
438.4	1192
438.6	1177
438.8	1165
439.0	1167
439.2	1159
439.4	1172
439.6	1186
439.8	1201
440.0	1210
440.2	1181
440.4	1174
440.6	1204
440.8	1221
441.0	1247
441.2	1261
441.4	1250
441.6	1272
441.8	1300
442.0	1319
442.2	1347
442.4	1363
442.6	1371
442.8	1395
443.0	1395
443.2	1401
443.4	1422
443.6	1399
443.8	1400
444.0	1406
444.2	1386
444.4	1389
444.6	1410
444.8	1419
445.0	1465
445.2	1492
445.4	1492
445.6	1499
445.8	1513
446.0	1537
446.2	1551
446.4	1578
446.6	1564
446.8	1552
447.0	1556
447.2	1566
447.4	1582
447.6	1582
447.8	1600
448.0	1604
448.2	1623
448.4	1652
448.6	1664
448.8	1642
449.0	1673
449.2	1668
449.4	1686
449.6	1723
449.8	1734
450.0	1754
450.2	1768
450.4	1772
450.6	1809
450.8	1824
451.0	1819
451.2	1825
451.4	1824
451.6	1855
451.8	1899
452.0	1884
452.2	1894
452.4	1911
452.6	1921
452.8	1979
453.0	2005
453.2	2001
453.4	2011
453.6	2053
453.8	2085
454.0	2136
454.2	2145
454.4	2117
454.6	2083
454.8	2104
455.0	2139
455.2	2163
455.4	2183
455.6	2196
455.8	2233
456.0	2276
456.2	2285
456.4	2258
456.6	2252
456.8	2273
457.0	2317
457.2	2354
457.4	2386
457.6	2391
457.8	2399
458.0	2403
458.2	2416
458.4	2444
458.6	2480
458.8	2515
459.0	2553
459.2	2545
459.4	2568
459.6	2586
459.8	2602
460.0	2631
460.2	2661
460.4	2668
460.6	2719
460.8	2728
461.0	2788
461.2	2822
461.4	2839
461.6	2869
461.8	2888
462.0	2888
462.2	2950
462.4	2982
462.6	3021
462.8	3060
463.0	3059
463.2	3066
463.4	3119
463.6	3138
463.8	3175
464.0	3213
464.2	3213
464.4	3223
464.6	3270
464.8	3307
465.0	3320
465.2	3361
465.4	3374
465.6	3411
465.8	3442
466.0	3481
466.2	3483
466.4	3551
466.6	3639
466.8	3667
467.0	3661
467.2	3695
467.4	3703
467.6	3782
467.8	3897
468.0	3875
468.2	3859
468.4	3907
468.6	3948
468.8	4035
469.0	4082
469.2	4077
469.4	4090
469.6	4179
469.8	4278
470.0	4343
470.2	4330
470.4	4357
470.6	4377
470.8	4469
471.0	4519
471.2	4597
471.4	4621
471.6	4612
471.8	4612
472.0	4643
472.2	4667
472.4	4765
472.6	4835
472.8	4859
473.0	4938
473.2	4962
473.4	5005
473.6	5030
473.8	5077
474.0	5085
474.2	5130
474.4	5141
474.6	5174
474.8	5227
475.0	5263
475.2	5258
475.4	5318
475.6	5378
475.8	5453
476.0	5518
476.2	5567
476.4	5592
476.6	5642
476.8	5697
477.0	5748
477.2	5778
477.4	5850
477.6	5859
477.8	5822
478.0	5847
478.2	5885
478.4	5938
478.6	6014
478.8	6062
479.0	6059
479.2	6117
479.4	6197
479.6	6233
479.8	6266
480.0	6294
480.2	6324
480.4	6405
480.6	6471
480.8	6511
481.0	6533
481.2	6597
481.4	6624
481.6	6687
481.8	6711
482.0	6735
482.2	6745
482.4	6836
482.6	6852
482.8	6931
483.0	6936
483.2	6910
483.4	6891
483.6	6954
483.8	7016
484.0	7097
484.2	7159
484.4	7218
484.6	7228
484.8	7267
485.0	7338
485.2	7363
485.4	7401
485.6	7405
485.8	7404
486.0	7430
486.2	7489
486.4	7518
486.6	7563
486.8	7593
487.0	7622
487.2	7667
487.4	7654
487.6	7677
487.8	7732
488.0	7744
488.2	7714
488.4	7806
488.6	7873
488.8	7963
489.0	7994
489.2	7952
489.4	7908
489.6	7996
489.8	8050
490.0	8087
490.2	8121
490.4	8152
490.6	8181
490.8	8254
491.0	8220
491.2	8196
491.4	8233
491.6	8253
491.8	8321
492.0	8344
492.2	8324
492.4	8301
492.6	8288
492.8	8287
493.0	8351
493.2	8379
493.4	8441
493.6	8502
493.8	8480
494.0	8510
494.2	8479
494.4	8500
494.6	8536
494.8	8566
495.0	8567
495.2	8550
495.4	8483
495.6	8520
495.8	8584
496.0	8605
496.2	8651
496.4	8669
496.6	8705
496.8	8733
497.0	8777
497.2	8672
497.4	8610
497.6	8627
497.8	8667
498.0	8727
498.2	8777
498.4	8747
498.6	8757
498.8	8755
499.0	8757
499.2	8800
499.4	8741
499.6	8768
499.8	8770
500.0	8716
500.2	8745
500.4	8810
500.6	8782
500.8	8815
501.0	8847
501.2	8916
501.4	8952
501.6	8991
501.8	8877
502.0	8780
502.2	8755
502.4	8755
502.6	8754
502.8	8775
503.0	8803
503.2	8871
503.4	8915
503.6	8845
503.8	8841
504.0	8798
504.2	8826
504.4	8832
504.6	8773
504.8	8645
505.0	8648
505.2	8680
505.4	8704
505.6	8754
505.8	8703
506.0	8642
506.2	8646
506.4	8667
506.6	8651
506.8	8690
507.0	8639
507.2	8632
507.4	8611
507.6	8632
507.8	8568
508.0	8490
508.2	8416
508.4	8431
508.6	8518
508.8	8636
509.0	8638
509.2	8564
509.4	8497
509.6	8479
509.8	8492
510.0	8512
510.2	8457
510.4	8438
510.6	8364
510.8	8341
511.0	8329
511.2	8337
511.4	8290
511.6	8300
511.8	8237
512.0	8251
512.2	8210
512.4	8195
512.6	8225
512.8	8238
513.0	8282
513.2	8289
513.4	8245
513.6	8233
513.8	8237
514.0	8142
514.2	8058
514.4	7968
514.6	7970
514.8	8005
515.0	8042
515.2	8079
515.4	8044
515.6	8006
515.8	7961
516.0	7919
516.2	7895
516.4	7865
516.6	7829
516.8	7782
517.0	7772
517.2	7745
517.4	7703
517.6	7682
517.8	7720
518.0	7744
518.2	7750
518.4	7677
518.6	7599
518.8	7581
519.0	7570
519.2	7578
519.4	7554
519.6	7492
519.8	7498
520.0	7458
520.2	7398
520.4	7411
520.6	7449
520.8	7402
521.0	7462
521.2	7448
521.4	7371
521.6	7333
521.8	7372
522.0	7355
522.2	7358
522.4	7338
522.6	7214
522.8	7157
523.0	7212
523.2	7276
523.4	7263
523.6	7267
523.8	7140
524.0	7085
524.2	7050
524.4	7024
524.6	7006
524.8	7060
525.0	7057
525.2	7090
525.4	7079
525.6	7038
525.8	6970
526.0	6974
526.2	7006
526.4	6996
526.6	6968
526.8	6893
527.0	6772
527.2	6707
527.4	6713
527.6	6704
527.8	6728
528.0	6765
528.2	6772
528.4	6737
528.6	6738
528.8	6756
529.0	6755
529.2	6718
529.4	6683
529.6	6571
529.8	6580
530.0	6570
530.2	6589
530.4	6584
530.6	6574
530.8	6541
531.0	6597
531.2	6528
531.4	6438
531.6	6426
531.8	6336
532.0	6362
532.2	6434
532.4	6488
532.6	6491
532.8	6530
533.0	6487
533.2	6534
533.4	6516
533.6	6503
533.8	6474
534.0	6356
534.2	6294
534.4	6338
534.6	6378
534.8	6401
535.0	6415
535.2	6328
535.4	6275
535.6	6243
535.8	6237
536.0	6243
536.2	6246
536.4	6232
536.6	6248
536.8	6227
537.0	6209
537.2	6209
537.4	6167
537.6	6119
537.8	6066
538.0	6021
538.2	6017
538.4	6020
538.6	5988
538.8	5973
539.0	5999
539.2	6049
539.4	6023
539.6	6044
539.8	5964
540.0	5885
540.2	5852
540.4	5846
540.6	5796
540.8	5867
541.0	5891
541.2	5894
541.4	5889
541.6	5899
541.8	5875
542.0	5885
542.2	5840
542.4	5761
542.6	5708
542.8	5692
543.0	5681
543.2	5768
543.4	5785
543.6	5789
543.8	5725
544.0	5678
544.2	5634
544.4	5664
544.6	5643
544.8	5659
545.0	5607
545.2	5587
545.4	5546
545.6	5521
545.8	5484
546.0	5528
546.2	5510
546.4	5521
546.6	5553
546.8	5531
547.0	5541
547.2	5578
547.4	5549
547.6	5468
547.8	5454
548.0	5357
548.2	5277
548.4	5273
548.6	5288
548.8	5247
549.0	5291
549.2	5276
549.4	5229
549.6	5264
549.8	5259
550.0	5177
550.2	5142
550.4	5079
550.6	5062
550.8	5109
551.0	5109
551.2	5048
551.4	5010
551.6	4937
551.8	4905
552.0	4913
552.2	4929
552.4	4911
552.6	4927
552.8	4913
553.0	4896
553.2	4912
553.4	4881
553.6	4847
553.8	4838
554.0	4799
554.2	4782
554.4	4810
554.6	4747
554.8	4718
555.0	4688
555.2	4663
555.4	4712
555.6	4739
555.8	4735
556.0	4684
556.2	4659
556.4	4622
556.6	4617
556.8	4594
557.0	4568
557.2	4547
557.4	4555
557.6	4509
557.8	4482
558.0	4501
558.2	4432
558.4	4418
558.6	4412
558.8	4324
559.0	4323
559.2	4341
559.4	4306
559.6	4227
559.8	4190
560.0	4143
560.2	4192
560.4	4246
560.6	4276
560.8	4225
561.0	4222
561.2	4206
561.4	4192
561.6	4192
561.8	4163
562.0	4145
562.2	4096
562.4	4054
562.6	4055
562.8	3998
563.0	3928
563.2	3905
563.4	3873
563.6	3934
563.8	3993
564.0	3968
564.2	3875
564.4	3819
564.6	3790
564.8	3805
565.0	3779
565.2	3798
565.4	3752
565.6	3730
565.8	3695
566.0	3686
566.2	3721
566.4	3720
566.6	3740
566.8	3737
567.0	3732
567.2	3666
567.4	3642
567.6	3574
567.8	3604
568.0	3630
568.2	3684
568.4	3664
568.6	3608
568.8	3515
569.0	3418
569.2	3350
569.4	3330
569.6	3392
569.8	3434
570.0	3464
570.2	3426
570.4	3387
570.6	3367
570.8	3351
571.0	3319
571.2	3302
571.4	3274
571.6	3235
571.8	3221
572.0	3231
572.2	3262
572.4	3289
572.6	3286
572.8	3223
573.0	3166
573.2	3176
573.4	3187
573.6	3190
573.8	3144
574.0	3103
574.2	3086
574.4	3092
574.6	3075
574.8	3070
575.0	3027
575.2	3058
575.4	3024
575.6	3026
575.8	2971
576.0	2966
576.2	2962
576.4	3000
576.6	2948
576.8	2974
577.0	2906
577.2	2915
577.4	2930
577.6	2944
577.8	2921
578.0	2932
578.2	2898
578.4	2859
578.6	2819
578.8	2796
579.0	2785
579.2	2766
579.4	2762
579.6	2748
579.8	2763
580.0	2774
580.2	2772
580.4	2726
580.6	2722
580.8	2753
581.0	2732
581.2	2728
581.4	2680
581.6	2631
581.8	2621
582.0	2625
582.2	2597
582.4	2604
582.6	2609
582.8	2599
583.0	2622
583.2	2635
583.4	2636
583.6	2623
583.8	2584
584.0	2478
584.2	2494
584.4	2498
584.6	2495
584.8	2530
585.0	2490
585.2	2435
585.4	2474
585.6	2474
585.8	2466
586.0	2452
586.2	2406
586.4	2372
586.6	2384
586.8	2408
587.0	2400
587.2	2365
587.4	2349
587.6	2311
587.8	2325
588.0	2330
588.2	2289
588.4	2257
588.6	2230
588.8	2219
589.0	2232
589.2	2251
589.4	2237
589.6	2244
589.8	2208
590.0	2184
590.2	2161
590.4	2173
590.6	2172
590.8	2197
591.0	2179
591.2	2145
591.4	2134
591.6	2135
591.8	2100
592.0	2082
592.2	2064
592.4	2058
592.6	2056
592.8	2056
593.0	2052
593.2	2014
593.4	2040
593.6	2074
593.8	2042
594.0	2048
594.2	2032
594.4	1981
594.6	1984
594.8	1966
595.0	1949
595.2	1974
595.4	1929
595.6	1915
595.8	1928
596.0	1892
596.2	1878
596.4	1865
596.6	1834
596.8	1849
597.0	1876
597.2	1861
597.4	1828
597.6	1832
597.8	1838
598.0	1850
598.2	1821
598.4	1810
598.6	1765
598.8	1772
599.0	1774
599.2	1748
599.4	1708
599.6	1736
599.8	1753
600.0	1772
600.2	1782
600.4	1729
600.6	1687
600.8	1644
601.0	1621
601.2	1607
601.4	1609
601.6	1607
601.8	1630
602.0	1603
602.2	1596
602.4	1610
602.6	1621
602.8	1599
603.0	1581
603.2	1541
603.4	1505
603.6	1514
603.8	1533
604.0	1530
604.2	1512
604.4	1483
604.6	1454
604.8	1455
605.0	1439
605.2	1437
605.4	1410
605.6	1425
605.8	1443
606.0	1463
606.2	1434
606.4	1422
606.6	1420
606.8	1416
607.0	1402
607.2	1387
607.4	1371
607.6	1365
607.8	1385
608.0	1355
608.2	1331
608.4	1339
608.6	1340
608.8	1336
609.0	1355
609.2	1341
609.4	1321
609.6	1317
609.8	1286
610.0	1281
610.2	1272
610.4	1277
610.6	1258
610.8	1251
611.0	1242
611.2	1240
611.4	1207
611.6	1198
611.8	1174
612.0	1181
612.2	1172
612.4	1172
612.6	1177
612.8	1165
613.0	1167
613.2	1188
613.4	1184
613.6	1168
613.8	1139
614.0	1114
614.2	1103
614.4	1101
614.6	1093
614.8	1095
615.0	1103
615.2	1096
615.4	1086
615.6	1073
615.8	1048
616.0	1058
616.2	1084
616.4	1058
616.6	1054
616.8	1062
617.0	1055
617.2	1061
617.4	1051
617.6	1012
617.8	1005
618.0	991.1
618.2	1008
618.4	1047
618.6	1051
618.8	1010
619.0	985.0
619.2	948.4
619.4	961.6
619.6	974.9
619.8	1005
620.0	981.8
620.2	954.2
620.4	937.7
620.6	912.5
620.8	897.4
621.0	920.8
621.2	921.8
621.4	920.8
621.6	922.8
621.8	922.9
622.0	930.7
622.2	933.5
622.4	933.3
622.6	921.3
622.8	911.2
623.0	911.1
623.2	897.3
623.4	883.6
623.6	873.7
623.8	853.0
624.0	876.3
624.2	902.0
624.4	912.7
624.6	900.7
624.8	878.0
625.0	834.3
625.2	818.0
625.4	818.1
625.6	823.0
625.8	815.6
626.0	792.0
626.2	767.3
626.4	761.5
626.6	763.8
626.8	779.8
627.0	790.7
627.2	792.7
627.4	766.0
627.6	767.3
627.8	746.4
628.0	735.8
628.2	757.2
628.4	765.3
628.6	744.7
628.8	736.6
629.0	680.5
629.2	652.2
629.4	690.1
629.6	698.3
629.8	717.0
630.0	742.8
630.2	730.1
630.4	715.2
630.6	720.0
630.8	668.3
631.0	640.9
631.2	635.6
631.4	651.6
631.6	661.1
631.8	675.1
632.0	666.9
632.2	668.3
632.4	663.2
632.6	688.6
632.8	673.0
633.0	655.9
633.2	638.5
633.4	615.0
633.6	599.6
633.8	587.2
634.0	587.0
634.2	588.4
634.4	604.0
634.6	619.7
634.8	610.8
635.0	584.7
635.2	588.0
635.4	578.8
635.6	586.2
635.8	595.3
636.0	591.0
636.2	580.5
636.4	566.3
636.6	550.7
636.8	544.3
637.0	552.1
637.2	547.2
637.4	543.0
637.6	533.6
637.8	520.5
638.0	538.9
638.2	559.0
638.4	567.4
638.6	565.7
638.8	531.0
639.0	503.6
639.2	515.0
639.4	522.9
639.6	529.7
639.8	532.9
640.0	509.2
640.2	505.8
640.4	507.2
640.6	490.3
640.8	486.6
641.0	491.5
641.2	474.4
641.4	484.0
641.6	480.5
641.8	469.2
642.0	476.9
642.2	466.5
642.4	448.9
642.6	455.6
642.8	453.0
643.0	445.8
643.2	446.3
643.4	420.3
643.6	418.3
643.8	426.4
644.0	425.4
644.2	407.7
644.4	396.7
644.6	379.6
644.8	392.4
645.0	415.0
645.2	427.0
645.4	420.3
645.6	405.6
645.8	392.3
646.0	401.9
646.2	402.3
646.4	397.1
646.6	401.3
646.8	400.4
647.0	398.9
647.2	409.2
647.4	391.4
647.6	368.1
647.8	371.6
648.0	375.4
648.2	371.5
648.4	359.4
648.6	355.0
648.8	349.0
649.0	351.9
649.2	368.1
649.4	377.3
649.6	375.9
649.8	371.5
650.0	373.8
650.2	363.4
650.4	356.6
650.6	348.3
650.8	347.7
651.0	335.3
651.2	341.9
651.4	351.1
651.6	347.0
651.8	332.8
652.0	336.3
652.2	333.5
652.4	329.6
652.6	337.9
652.8	330.6
653.0	322.0
653.2	321.5
653.4	325.3
653.6	321.0
653.8	327.6
654.0	329.0
654.2	327.3
654.4	312.4
654.6	301.8
654.8	289.4
655.0	287.6
655.2	293.6
655.4	296.9
655.6	294.8
655.8	298.8
656.0	319.0
656.2	321.9
656.4	317.8
656.6	310.6
656.8	292.4
657.0	290.8
657.2	304.4
657.4	302.8
657.6	305.3
657.8	299.0
658.0	283.4
658.2	273.0
658.4	267.9
658.6	265.3
658.8	272.2
659.0	270.5
659.2	277.3
659.4	277.7
659.6	266.7
659.8	259.2
660.0	246.0
660.2	241.2
660.4	250.5
660.6	253.7
660.8	248.8
661.0	249.1
661.2	242.0
661.4	253.9
661.6	260.6
661.8	257.5
662.0	261.0
662.2	247.2
662.4	241.6
662.6	244.1
662.8	241.3
663.0	234.4
663.2	245.2
663.4	244.5
663.6	249.6
663.8	252.3
664.0	251.7
664.2	235.8
664.4	229.0
664.6	231.4
664.8	222.0
665.0	228.8
665.2	240.6
665.4	244.5
665.6	242.2
665.8	245.4
666.0	235.0
666.2	225.4
666.4	218.5
666.6	213.7
666.8	214.1
667.0	210.2
667.2	211.4
667.4	211.5
667.6	209.4
667.8	210.6
668.0	211.6
668.2	203.8
668.4	209.1
668.6	203.7
668.8	193.2
669.0	198.7
669.2	208.0
669.4	214.5
669.6	222.2
669.8	206.4
670.0	195.0
670.2	194.5
670.4	202.5
670.6	205.9
670.8	196.8
671.0	184.7
671.2	183.3
671.4	189.7
671.6	197.4
671.8	203.7
672.0	186.4
672.2	171.6
672.4	163.0
672.6	167.3
672.8	173.5
673.0	180.5
673.2	179.4
673.4	186.7
673.6	194.7
673.8	196.0
674.0	196.8
674.2	191.3
674.4	191.1
674.6	193.3
674.8	191.0
675.0	174.1
675.2	163.4
675.4	156.9
675.6	163.2
675.8	171.9
676.0	176.8
676.2	171.0
676.4	163.6
676.6	158.4
676.8	156.9
677.0	157.5
677.2	157.9
677.4	156.4
677.6	156.4
677.8	158.2
678.0	153.1
678.2	153.5
678.4	153.3
678.6	150.4
678.8	150.0
679.0	152.0
679.2	147.2
679.4	149.9
679.6	155.0
679.8	149.8
680.0	147.0
680.2	144.7
680.4	141.8
680.6	142.1
680.8	151.0
681.0	147.7
681.2	148.5
681.4	145.4
681.6	141.5
681.8	148.8
682.0	158.0
682.2	155.7
682.4	150.2
682.6	137.9
682.8	120.9
683.0	124.8
683.2	124.1
683.4	127.7
683.6	133.4
683.8	138.7
684.0	147.0
684.2	149.9
684.4	137.1
684.6	134.0
684.8	129.3
685.0	127.3
685.2	136.9
685.4	146.7
685.6	139.4
685.8	141.7
686.0	136.5
686.2	131.3
686.4	130.0
686.6	134.6
686.8	126.1
687.0	121.1
687.2	115.9
687.4	115.3
687.6	113.6
687.8	117.4
688.0	120.3
688.2	127.4
688.4	131.1
688.6	132.0
688.8	128.7
689.0	121.9
689.2	117.1
689.4	121.2
689.6	124.1
689.8	134.7
690.0	140.7
690.2	134.1
690.4	128.8
690.6	117.5
690.8	107.7
691.0	107.3
691.2	115.4
691.4	120.0
691.6	127.4
691.8	125.1
692.0	122.0
692.2	112.8
692.4	117.6
692.6	113.1
692.8	113.2
693.0	111.7
693.2	118.8
693.4	118.8
693.6	126.8
693.8	126.5
694.0	122.2
694.2	117.6
694.4	117.6
694.6	117.3
694.8	120.9
695.0	122.0
695.2	115.0
695.4	114.5
695.6	121.0
695.8	125.6
696.0	129.1
696.2	130.2
696.4	134.5
696.6	136.1
696.8	140.1
697.0	136.0
697.2	125.5
697.4	128.6
697.6	135.6
697.8	136.7
698.0	138.9
698.2	133.0
698.4	123.9
698.6	127.3
698.8	127.5
699.0	131.9
699.2	136.2
699.4	130.7
699.6	124.0
699.8	123.9
700.0	118.7
700.2	124.5
700.4	135.2
700.6	135.8
700.8	137.2
701.0	135.9
701.2	127.3
701.4	127.4
701.6	131.5
701.8	134.9
702.0	132.6
702.2	133.1
702.4	136.4
702.6	138.6
702.8	135.2
703.0	134.9
703.2	124.2
703.4	118.7
703.6	121.8
703.8	122.2
704.0	118.3
704.2	124.0
704.4	127.9
704.6	126.3
704.8	131.8
705.0	131.7
705.2	129.9
705.4	134.4
705.6	132.7
705.8	128.8
706.0	123.5
706.2	122.7
706.4	116.3
706.6	113.7
706.8	110.8
707.0	112.0
707.2	110.3
707.4	117.2
707.6	117.8
707.8	117.1
708.0	114.0
708.2	110.8
708.4	105.9
708.6	114.3
708.8	114.2
709.0	105.7
709.2	103.5
709.4	97.58
709.6	99.26
709.8	101.8
710.0	97.62
710.2	91.08
710.4	94.67
710.6	95.85
710.8	100.6
711.0	100.5
711.2	102.0
711.4	98.11
711.6	95.88
711.8	90.75
712.0	86.36
712.2	90.36
712.4	92.23
712.6	87.46
712.8	88.31
713.0	82.41
713.2	83.02
713.4	82.43
713.6	82.76
713.8	83.12
714.0	80.45
714.2	70.49
714.4	73.24
714.6	73.39
714.8	79.18
715.0	88.27
715.2	86.26
715.4	75.15
715.6	74.75
715.8	67.10
716.0	65.60
716.2	68.63
716.4	70.33
716.6	70.26
716.8	71.78
717.0	73.77
717.2	75.67
717.4	78.11
717.6	73.12
717.8	68.41
718.0	63.43
718.2	69.01
718.4	61.20
718.6	60.23
718.8	56.47
719.0	59.11
719.2	64.18
719.4	70.59
719.6	65.39
719.8	62.78
720.0	60.18
720.2	62.75
720.4	63.30
720.6	63.78
720.8	61.88
721.0	61.99
721.2	54.60
721.4	55.69
721.6	55.67
721.8	61.32
722.0	64.14
722.2	63.97
722.4	54.67
722.6	53.25
722.8	49.56
723.0	52.10
723.2	55.90
723.4	52.26
723.6	51.87
723.8	56.21
724.0	55.20
724.2	56.17
724.4	57.00
724.6	51.76
724.8	52.43
725.0	54.12
725.2	52.83
725.4	50.52
725.6	48.12
725.8	47.28
726.0	47.37
726.2	51.38
726.4	54.23
726.6	56.97
726.8	58.22
727.0	55.21
727.2	51.26
727.4	45.15
727.6	51.21
727.8	55.92
728.0	53.56
728.2	48.17
728.4	44.91
728.6	37.70
728.8	42.56
729.0	41.49
729.2	38.94
729.4	42.37
729.6	45.94
729.8	53.00
730.0	58.64
730.2	57.11
730.4	51.35
730.6	51.46
730.8	46.09
731.0	48.32
731.2	53.28
731.4	53.79
731.6	52.21
731.8	51.22
732.0	43.31
732.2	41.30
732.4	41.92
732.6	46.24
732.8	49.75
733.0	51.16
733.2	45.97
733.4	40.95
733.6	36.87
733.8	43.14
734.0	49.10
734.2	51.62
734.4	53.82
734.6	50.01
734.8	44.72
735.0	48.86
735.2	51.27
735.4	51.13
735.6	54.56
735.8	50.86
736.0	44.63
736.2	43.12
736.4	38.01
736.6	37.31
736.8	42.35
737.0	43.81
737.2	43.95
737.4	43.87
737.6	39.12
737.8	36.63
738.0	39.54
738.2	36.10
738.4	38.17
738.6	39.40
738.8	37.63
739.0	37.16
739.2	40.79
739.4	38.22
739.6	43.68
739.8	49.68
740.0	47.20
740.2	47.40
740.4	43.95
740.6	39.23
740.8	36.55
741.0	34.84
741.2	31.15
741.4	36.22
741.6	36.11
741.8	35.68
742.0	34.58
742.2	32.22
742.4	31.83
742.6	37.74
742.8	39.17
743.0	35.61
743.2	32.36
743.4	32.15
743.6	30.87
743.8	33.98
744.0	33.58
744.2	28.87
744.4	28.97
744.6	32.48
744.8	32.92
745.0	30.12
745.2	31.42
745.4	30.01
745.6	34.97
745.8	38.39
746.0	36.37
746.2	30.66
746.4	31.48
746.6	31.48
746.8	33.72
747.0	34.16
747.2	30.78
747.4	28.21
747.6	22.81
747.8	22.91
748.0	26.77
748.2	32.42
748.4	37.98
748.6	37.40
748.8	34.11
749.0	30.82
749.2	27.41
749.4	27.97
749.6	29.91
749.8	29.00
750.0	28.73
750.2	28.57
750.4	27.09
750.6	26.63
750.8	27.33
751.0	28.95
751.2	30.98
751.4	32.62
751.6	33.34
751.8	30.77
752.0	25.37
752.2	22.31
752.4	23.87
752.6	25.43
752.8	28.54
753.0	28.19
753.2	25.44
753.4	26.12
753.6	31.74
753.8	32.50
754.0	30.78
754.2	27.83
754.4	26.38
754.6	26.42
754.8	27.58
755.0	26.30
755.2	25.70
755.4	25.76
755.6	26.56
755.8	25.91
756.0	25.57
756.2	28.82
756.4	30.13
756.6	31.52
756.8	27.76
757.0	25.66
757.2	23.97
757.4	25.36
757.6	22.14
757.8	24.17
758.0	26.71
758.2	30.19
758.4	27.66
758.6	24.97
758.8	21.26
759.0	20.81
759.2	23.29
759.4	26.45
759.6	25.19
759.8	25.62
760.0	28.34
760.2	31.04
760.4	30.51
760.6	25.72
760.8	20.17
761.0	17.21
761.2	19.26
761.4	24.29
761.6	27.79
761.8	26.04
762.0	26.65
762.2	29.85
762.4	32.08
762.6	35.03
762.8	31.33
763.0	25.77
763.2	24.48
763.4	24.77
763.6	22.23
763.8	26.12
764.0	25.73
764.2	28.43
764.4	33.69
764.6	37.63
764.8	35.12
765.0	29.17
765.2	26.00
765.4	24.73
765.6	25.60
765.8	29.38
766.0	24.39
766.2	19.05
766.4	20.00
766.6	21.62
766.8	23.28
767.0	23.67
767.2	20.38
767.4	16.83
767.6	22.38
767.8	27.33
768.0	29.39
768.2	27.63
768.4	24.62
768.6	18.70
768.8	21.66
769.0	24.81
769.2	25.99
769.4	27.01
769.6	25.75
769.8	21.30
770.0	21.70
770.2	21.15
770.4	19.96
770.6	23.06
770.8	23.34
771.0	19.22
771.2	22.58
771.4	21.11
771.6	18.89
771.8	21.79
772.0	20.92
772.2	18.65
772.4	19.88
772.6	19.92
772.8	15.85
773.0	19.33
773.2	20.60
773.4	23.91
773.6	21.62
773.8	21.34
774.0	17.42
774.2	17.94
774.4	17.01
774.6	17.10
774.8	15.20
775.0	13.38
775.2	14.51
775.4	16.09
775.6	18.01
775.8	17.39
776.0	15.26
776.2	13.72
776.4	15.75
776.6	18.86
776.8	19.64
777.0	21.60
777.2	18.84
777.4	15.47
777.6	16.40
777.8	18.04
778.0	14.81
778.2	20.07
778.4	20.95
778.6	17.28
778.8	18.46
779.0	17.57
779.2	15.34
779.4	18.27
779.6	18.58
779.8	20.67
780.0	20.15
780.2	17.02
780.4	12.71
780.6	13.43
780.8	16.06
781.0	21.26
781.2	20.60
781.4	17.55
781.6	14.29
781.8	15.29
782.0	15.49
782.2	17.53
782.4	15.48
782.6	14.71
782.8	14.46
783.0	13.58
783.2	11.44
783.4	12.44
783.6	12.60
783.8	14.28
784.0	15.55
784.2	17.74
784.4	17.16
784.6	13.79
784.8	13.15
785.0	13.81
785.2	11.80
785.4	11.55
785.6	13.15
785.8	10.93
786.0	12.48
786.2	18.17
786.4	17.64
786.6	20.01
786.8	19.57
787.0	16.81
787.2	16.85
787.4	16.40
787.6	14.95
787.8	17.86
788.0	16.04
788.2	18.69
788.4	19.84
788.6	16.03
788.8	10.70
789.0	9.820
789.2	8.972
789.4	12.59
789.6	15.25
789.8	15.94
790.0	11.01
790.2	11.37
790.4	10.08
790.6	12.41
790.8	15.92
791.0	18.26
791.2	16.30
791.4	16.05
791.6	14.68
791.8	14.20
792.0	17.02
792.2	19.77
792.4	18.45
792.6	17.51
792.8	18.48
793.0	18.89
793.2	18.99
793.4	17.90
793.6	14.16
793.8	12.23
794.0	13.25
794.2	19.91
794.4	21.61
794.6	22.86
794.8	20.69
795.0	18.25
795.2	15.49
795.4	16.70
795.6	15.00
795.8	14.75
796.0	11.81
796.2	10.72
796.4	11.16
796.6	14.21
796.8	18.19
797.0	20.72
797.2	19.87
797.4	13.43
797.6	8.280
797.8	11.15
798.0	14.09
798.2	16.10
798.4	17.89
798.6	16.53
798.8	14.66
799.0	21.10
799.2	20.97
799.4	18.30
799.6	13.72
799.8	10.90
800.0	12.50

