Sample:	'20211010A(EM)
File name:	B-NI 1 100.FDS
Run date:	'08:18:11, 06/20/2023
Operator:	Administrator
Comment:	'

Instrument
Model:	F-4700 FL Spectrophotometer
Serial number:	2019-001
ROM Version:	5J24010 00

Instrument parameters
Measurement type:	Wavelength scan
Scan mode:	Emission
Data mode:	Fluorescence
EX WL:	350.0 nm
EM  Start WL:	370.0 nm
EM  End WL:	800.0 nm
Scan speed:	1200 nm/min
Delay:	0.0 s
EX Slit:	10.0 nm
EM Slit:	10.0 nm
PMT Voltage:	350 V
Response:	0.002 s
Corrected spectra:	Off
Shutter control:	On

Processing performed
Savitsky-Golay smoothed
Smoothing order:	3
Number of points:	7
Number of times:	1

Peak integration
Integration method:	Rectangular
Sensitivity:	1
Threshold:	1.000

Peaks
No.	Start(nm)	Apex(nm)	End(nm)	Height(Data)	Valley(nm)	Valley(Data)
1	370.0	445.6	743.4	6286	743.4	2.638

Data points
nm	Data
370.0	19.60
370.2	20.29
370.4	20.67
370.6	20.92
370.8	21.30
371.0	21.92
371.2	22.23
371.4	22.88
371.6	23.36
371.8	23.79
372.0	24.39
372.2	25.23
372.4	25.71
372.6	26.31
372.8	26.55
373.0	26.95
373.2	27.76
373.4	28.72
373.6	29.29
373.8	30.13
374.0	30.66
374.2	31.61
374.4	32.42
374.6	33.13
374.8	33.71
375.0	34.78
375.2	35.64
375.4	36.88
375.6	37.65
375.8	38.43
376.0	39.16
376.2	40.25
376.4	40.91
376.6	42.10
376.8	43.44
377.0	44.69
377.2	45.83
377.4	46.90
377.6	47.78
377.8	49.40
378.0	51.23
378.2	52.76
378.4	54.20
378.6	55.48
378.8	56.75
379.0	58.19
379.2	59.84
379.4	61.50
379.6	63.19
379.8	64.89
380.0	66.71
380.2	68.55
380.4	70.41
380.6	72.15
380.8	74.21
381.0	76.29
381.2	78.30
381.4	80.96
381.6	83.55
381.8	85.42
382.0	88.18
382.2	90.56
382.4	92.62
382.6	95.77
382.8	98.94
383.0	101.4
383.2	104.5
383.4	107.3
383.6	109.7
383.8	113.3
384.0	116.9
384.2	120.0
384.4	123.5
384.6	127.2
384.8	130.8
385.0	135.4
385.2	139.6
385.4	143.6
385.6	147.6
385.8	152.0
386.0	156.8
386.2	162.1
386.4	166.3
386.6	171.2
386.8	175.6
387.0	180.8
387.2	186.2
387.4	192.2
387.6	197.6
387.8	203.4
388.0	208.7
388.2	214.5
388.4	220.9
388.6	227.2
388.8	233.8
389.0	241.1
389.2	248.0
389.4	255.2
389.6	262.7
389.8	270.1
390.0	277.8
390.2	286.6
390.4	294.9
390.6	303.0
390.8	311.6
391.0	321.2
391.2	330.6
391.4	340.3
391.6	348.5
391.8	357.2
392.0	367.2
392.2	378.1
392.4	388.9
392.6	399.4
392.8	408.9
393.0	419.8
393.2	431.9
393.4	443.6
393.6	454.8
393.8	466.4
394.0	477.8
394.2	490.7
394.4	505.2
394.6	518.2
394.8	532.5
395.0	546.5
395.2	560.2
395.4	576.4
395.6	592.0
395.8	606.9
396.0	623.6
396.2	637.6
396.4	651.6
396.6	668.0
396.8	683.7
397.0	699.2
397.2	717.1
397.4	734.5
397.6	751.8
397.8	772.3
398.0	791.7
398.2	809.4
398.4	828.9
398.6	848.3
398.8	867.8
399.0	889.1
399.2	908.7
399.4	930.8
399.6	952.2
399.8	973.5
400.0	996.3
400.2	1019
400.4	1041
400.6	1065
400.8	1088
401.0	1113
401.2	1138
401.4	1165
401.6	1189
401.8	1214
402.0	1237
402.2	1262
402.4	1284
402.6	1309
402.8	1335
403.0	1364
403.2	1392
403.4	1423
403.6	1449
403.8	1475
404.0	1499
404.2	1525
404.4	1552
404.6	1580
404.8	1608
405.0	1638
405.2	1668
405.4	1701
405.6	1731
405.8	1761
406.0	1790
406.2	1820
406.4	1849
406.6	1883
406.8	1917
407.0	1950
407.2	1978
407.4	2007
407.6	2034
407.8	2066
408.0	2104
408.2	2139
408.4	2172
408.6	2204
408.8	2236
409.0	2267
409.2	2295
409.4	2329
409.6	2363
409.8	2397
410.0	2435
410.2	2471
410.4	2501
410.6	2539
410.8	2575
411.0	2611
411.2	2646
411.4	2677
411.6	2707
411.8	2740
412.0	2773
412.2	2809
412.4	2840
412.6	2869
412.8	2900
413.0	2939
413.2	2975
413.4	3017
413.6	3053
413.8	3084
414.0	3116
414.2	3151
414.4	3182
414.6	3218
414.8	3253
415.0	3290
415.2	3326
415.4	3361
415.6	3388
415.8	3427
416.0	3467
416.2	3504
416.4	3540
416.6	3573
416.8	3592
417.0	3633
417.2	3667
417.4	3705
417.6	3741
417.8	3769
418.0	3790
418.2	3821
418.4	3852
418.6	3888
418.8	3918
419.0	3943
419.2	3972
419.4	4002
419.6	4040
419.8	4077
420.0	4115
420.2	4149
420.4	4178
420.6	4206
420.8	4230
421.0	4255
421.2	4281
421.4	4312
421.6	4347
421.8	4383
422.0	4416
422.2	4449
422.4	4478
422.6	4510
422.8	4536
423.0	4568
423.2	4594
423.4	4626
423.6	4660
423.8	4688
424.0	4714
424.2	4747
424.4	4764
424.6	4793
424.8	4820
425.0	4846
425.2	4876
425.4	4906
425.6	4923
425.8	4947
426.0	4971
426.2	5004
426.4	5033
426.6	5061
426.8	5081
427.0	5100
427.2	5123
427.4	5151
427.6	5179
427.8	5203
428.0	5227
428.2	5248
428.4	5266
428.6	5286
428.8	5305
429.0	5320
429.2	5344
429.4	5371
429.6	5395
429.8	5422
430.0	5442
430.2	5461
430.4	5478
430.6	5509
430.8	5534
431.0	5560
431.2	5580
431.4	5597
431.6	5614
431.8	5633
432.0	5636
432.2	5651
432.4	5670
432.6	5685
432.8	5714
433.0	5730
433.2	5735
433.4	5750
433.6	5760
433.8	5768
434.0	5785
434.2	5802
434.4	5823
434.6	5854
434.8	5890
435.0	5912
435.2	5914
435.4	5940
435.6	5948
435.8	5960
436.0	5972
436.2	5970
436.4	5975
436.6	6005
436.8	6026
437.0	6054
437.2	6061
437.4	6061
437.6	6076
437.8	6084
438.0	6095
438.2	6115
438.4	6107
438.6	6094
438.8	6093
439.0	6096
439.2	6104
439.4	6124
439.6	6125
439.8	6136
440.0	6142
440.2	6157
440.4	6182
440.6	6206
440.8	6205
441.0	6201
441.2	6195
441.4	6194
441.6	6204
441.8	6222
442.0	6226
442.2	6224
442.4	6235
442.6	6222
442.8	6215
443.0	6218
443.2	6219
443.4	6231
443.6	6235
443.8	6227
444.0	6224
444.2	6220
444.4	6220
444.6	6228
444.8	6226
445.0	6241
445.2	6257
445.4	6274
445.6	6286
445.8	6283
446.0	6282
446.2	6278
446.4	6276
446.6	6260
446.8	6233
447.0	6221
447.2	6221
447.4	6220
447.6	6235
447.8	6236
448.0	6217
448.2	6218
448.4	6226
448.6	6228
448.8	6225
449.0	6216
449.2	6207
449.4	6210
449.6	6213
449.8	6211
450.0	6201
450.2	6184
450.4	6182
450.6	6186
450.8	6170
451.0	6166
451.2	6165
451.4	6158
451.6	6162
451.8	6160
452.0	6149
452.2	6141
452.4	6136
452.6	6123
452.8	6121
453.0	6121
453.2	6112
453.4	6094
453.6	6092
453.8	6092
454.0	6090
454.2	6091
454.4	6076
454.6	6062
454.8	6049
455.0	6051
455.2	6044
455.4	6037
455.6	6030
455.8	6024
456.0	6012
456.2	6004
456.4	6007
456.6	6005
456.8	5992
457.0	5979
457.2	5962
457.4	5944
457.6	5930
457.8	5917
458.0	5908
458.2	5900
458.4	5893
458.6	5891
458.8	5871
459.0	5862
459.2	5855
459.4	5844
459.6	5837
459.8	5814
460.0	5797
460.2	5789
460.4	5783
460.6	5781
460.8	5778
461.0	5752
461.2	5747
461.4	5729
461.6	5713
461.8	5706
462.0	5692
462.2	5668
462.4	5656
462.6	5640
462.8	5632
463.0	5633
463.2	5618
463.4	5602
463.6	5584
463.8	5565
464.0	5550
464.2	5537
464.4	5521
464.6	5515
464.8	5508
465.0	5496
465.2	5488
465.4	5473
465.6	5456
465.8	5430
466.0	5413
466.2	5401
466.4	5393
466.6	5383
466.8	5368
467.0	5347
467.2	5328
467.4	5319
467.6	5304
467.8	5292
468.0	5277
468.2	5258
468.4	5244
468.6	5233
468.8	5219
469.0	5204
469.2	5186
469.4	5158
469.6	5147
469.8	5128
470.0	5115
470.2	5102
470.4	5085
470.6	5063
470.8	5049
471.0	5034
471.2	5025
471.4	5009
471.6	4994
471.8	4977
472.0	4957
472.2	4945
472.4	4932
472.6	4914
472.8	4898
473.0	4884
473.2	4866
473.4	4852
473.6	4835
473.8	4812
474.0	4787
474.2	4769
474.4	4749
474.6	4743
474.8	4735
475.0	4718
475.2	4702
475.4	4682
475.6	4660
475.8	4646
476.0	4629
476.2	4612
476.4	4604
476.6	4595
476.8	4583
477.0	4561
477.2	4541
477.4	4519
477.6	4504
477.8	4492
478.0	4477
478.2	4460
478.4	4444
478.6	4424
478.8	4408
479.0	4399
479.2	4385
479.4	4374
479.6	4354
479.8	4328
480.0	4308
480.2	4294
480.4	4280
480.6	4266
480.8	4256
481.0	4238
481.2	4224
481.4	4213
481.6	4194
481.8	4170
482.0	4154
482.2	4140
482.4	4133
482.6	4121
482.8	4109
483.0	4097
483.2	4081
483.4	4069
483.6	4054
483.8	4028
484.0	4009
484.2	4001
484.4	3988
484.6	3974
484.8	3953
485.0	3927
485.2	3908
485.4	3906
485.6	3899
485.8	3889
486.0	3871
486.2	3848
486.4	3828
486.6	3817
486.8	3809
487.0	3800
487.2	3783
487.4	3758
487.6	3733
487.8	3721
488.0	3719
488.2	3711
488.4	3697
488.6	3674
488.8	3658
489.0	3643
489.2	3632
489.4	3617
489.6	3602
489.8	3586
490.0	3575
490.2	3552
490.4	3536
490.6	3519
490.8	3499
491.0	3482
491.2	3466
491.4	3448
491.6	3436
491.8	3427
492.0	3413
492.2	3402
492.4	3388
492.6	3374
492.8	3360
493.0	3349
493.2	3330
493.4	3317
493.6	3302
493.8	3284
494.0	3266
494.2	3247
494.4	3229
494.6	3216
494.8	3204
495.0	3192
495.2	3176
495.4	3163
495.6	3150
495.8	3134
496.0	3117
496.2	3103
496.4	3086
496.6	3075
496.8	3059
497.0	3044
497.2	3025
497.4	3011
497.6	2997
497.8	2986
498.0	2976
498.2	2961
498.4	2944
498.6	2929
498.8	2916
499.0	2901
499.2	2887
499.4	2868
499.6	2853
499.8	2839
500.0	2828
500.2	2813
500.4	2798
500.6	2783
500.8	2769
501.0	2756
501.2	2741
501.4	2725
501.6	2710
501.8	2698
502.0	2686
502.2	2672
502.4	2657
502.6	2644
502.8	2627
503.0	2614
503.2	2600
503.4	2588
503.6	2574
503.8	2559
504.0	2545
504.2	2533
504.4	2517
504.6	2505
504.8	2493
505.0	2477
505.2	2467
505.4	2461
505.6	2448
505.8	2435
506.0	2421
506.2	2404
506.4	2391
506.6	2380
506.8	2365
507.0	2351
507.2	2336
507.4	2323
507.6	2311
507.8	2302
508.0	2292
508.2	2282
508.4	2268
508.6	2251
508.8	2234
509.0	2218
509.2	2207
509.4	2195
509.6	2185
509.8	2171
510.0	2159
510.2	2149
510.4	2139
510.6	2128
510.8	2115
511.0	2098
511.2	2085
511.4	2074
511.6	2066
511.8	2059
512.0	2049
512.2	2036
512.4	2024
512.6	2012
512.8	2002
513.0	1993
513.2	1985
513.4	1974
513.6	1960
513.8	1947
514.0	1931
514.2	1917
514.4	1906
514.6	1895
514.8	1883
515.0	1875
515.2	1861
515.4	1850
515.6	1845
515.8	1839
516.0	1831
516.2	1821
516.4	1805
516.6	1794
516.8	1786
517.0	1776
517.2	1765
517.4	1754
517.6	1741
517.8	1731
518.0	1720
518.2	1710
518.4	1699
518.6	1690
518.8	1680
519.0	1671
519.2	1661
519.4	1651
519.6	1641
519.8	1631
520.0	1623
520.2	1616
520.4	1606
520.6	1595
520.8	1583
521.0	1573
521.2	1566
521.4	1559
521.6	1549
521.8	1539
522.0	1527
522.2	1520
522.4	1510
522.6	1502
522.8	1494
523.0	1484
523.2	1474
523.4	1469
523.6	1460
523.8	1452
524.0	1446
524.2	1432
524.4	1422
524.6	1413
524.8	1404
525.0	1396
525.2	1390
525.4	1380
525.6	1373
525.8	1365
526.0	1357
526.2	1349
526.4	1342
526.6	1332
526.8	1324
527.0	1318
527.2	1311
527.4	1305
527.6	1296
527.8	1285
528.0	1277
528.2	1270
528.4	1263
528.6	1256
528.8	1248
529.0	1238
529.2	1232
529.4	1225
529.6	1220
529.8	1212
530.0	1203
530.2	1194
530.4	1187
530.6	1180
530.8	1175
531.0	1167
531.2	1159
531.4	1153
531.6	1146
531.8	1138
532.0	1129
532.2	1121
532.4	1118
532.6	1112
532.8	1105
533.0	1098
533.2	1090
533.4	1085
533.6	1080
533.8	1073
534.0	1064
534.2	1056
534.4	1051
534.6	1044
534.8	1037
535.0	1032
535.2	1025
535.4	1019
535.6	1014
535.8	1006
536.0	1001
536.2	996.7
536.4	990.7
536.6	984.4
536.8	975.3
537.0	968.3
537.2	962.6
537.4	957.3
537.6	952.5
537.8	946.8
538.0	938.0
538.2	932.2
538.4	927.1
538.6	920.8
538.8	916.8
539.0	912.2
539.2	905.6
539.4	900.3
539.6	894.4
539.8	887.0
540.0	881.1
540.2	874.7
540.4	869.7
540.6	864.9
540.8	861.3
541.0	856.1
541.2	849.5
541.4	842.5
541.6	836.4
541.8	830.4
542.0	827.6
542.2	821.9
542.4	815.7
542.6	810.0
542.8	803.8
543.0	798.9
543.2	795.3
543.4	791.7
543.6	787.5
543.8	782.9
544.0	777.6
544.2	771.5
544.4	765.9
544.6	760.9
544.8	757.1
545.0	753.6
545.2	749.7
545.4	742.8
545.6	737.0
545.8	730.5
546.0	727.1
546.2	722.6
546.4	719.6
546.6	714.1
546.8	708.9
547.0	703.9
547.2	699.0
547.4	694.5
547.6	690.9
547.8	685.8
548.0	680.3
548.2	676.1
548.4	672.0
548.6	669.2
548.8	665.7
549.0	660.4
549.2	654.3
549.4	650.0
549.6	645.5
549.8	641.8
550.0	639.5
550.2	635.4
550.4	631.0
550.6	627.0
550.8	621.0
551.0	614.9
551.2	610.5
551.4	606.4
551.6	602.7
551.8	600.9
552.0	597.0
552.2	593.4
552.4	591.0
552.6	588.1
552.8	583.6
553.0	579.9
553.2	575.7
553.4	572.9
553.6	571.0
553.8	567.0
554.0	562.1
554.2	557.7
554.4	554.0
554.6	550.8
554.8	546.8
555.0	541.1
555.2	536.2
555.4	532.7
555.6	528.9
555.8	525.3
556.0	521.2
556.2	516.0
556.4	513.3
556.6	511.5
556.8	509.4
557.0	506.1
557.2	502.6
557.4	498.7
557.6	496.2
557.8	493.4
558.0	490.8
558.2	488.4
558.4	484.4
558.6	481.3
558.8	476.6
559.0	473.8
559.2	471.3
559.4	469.7
559.6	466.6
559.8	464.0
560.0	459.5
560.2	456.7
560.4	453.3
560.6	450.8
560.8	448.3
561.0	445.5
561.2	442.0
561.4	439.0
561.6	434.9
561.8	431.7
562.0	428.0
562.2	425.5
562.4	423.2
562.6	420.8
562.8	417.6
563.0	414.2
563.2	411.1
563.4	408.7
563.6	405.8
563.8	402.9
564.0	400.1
564.2	397.8
564.4	395.6
564.6	393.4
564.8	390.5
565.0	387.5
565.2	384.3
565.4	381.7
565.6	379.4
565.8	378.2
566.0	375.8
566.2	373.1
566.4	370.1
566.6	367.1
566.8	364.7
567.0	362.4
567.2	358.7
567.4	356.6
567.6	353.6
567.8	352.3
568.0	350.5
568.2	347.8
568.4	344.9
568.6	342.4
568.8	339.6
569.0	338.2
569.2	336.3
569.4	333.8
569.6	331.8
569.8	329.2
570.0	326.4
570.2	324.4
570.4	323.2
570.6	321.9
570.8	319.9
571.0	317.8
571.2	314.8
571.4	311.8
571.6	309.9
571.8	308.0
572.0	305.4
572.2	304.1
572.4	302.6
572.6	300.3
572.8	298.6
573.0	297.0
573.2	295.0
573.4	293.9
573.6	291.4
573.8	289.0
574.0	286.6
574.2	284.8
574.4	282.9
574.6	281.6
574.8	279.3
575.0	277.6
575.2	274.9
575.4	273.1
575.6	271.0
575.8	269.4
576.0	267.8
576.2	266.2
576.4	264.3
576.6	263.0
576.8	261.1
577.0	259.5
577.2	257.4
577.4	255.3
577.6	253.4
577.8	251.8
578.0	250.5
578.2	249.2
578.4	247.8
578.6	245.5
578.8	243.7
579.0	242.1
579.2	240.9
579.4	239.5
579.6	237.8
579.8	235.1
580.0	233.6
580.2	232.2
580.4	231.3
580.6	230.1
580.8	228.0
581.0	226.5
581.2	225.0
581.4	223.7
581.6	222.8
581.8	221.5
582.0	219.3
582.2	218.2
582.4	216.6
582.6	215.5
582.8	214.6
583.0	213.3
583.2	211.2
583.4	209.2
583.6	207.1
583.8	205.7
584.0	204.6
584.2	203.4
584.4	202.2
584.6	201.1
584.8	199.9
585.0	199.0
585.2	197.7
585.4	196.6
585.6	195.0
585.8	193.9
586.0	192.7
586.2	191.7
586.4	189.9
586.6	188.7
586.8	187.1
587.0	185.4
587.2	183.5
587.4	182.7
587.6	181.3
587.8	180.1
588.0	179.2
588.2	177.7
588.4	176.1
588.6	175.5
588.8	174.4
589.0	173.9
589.2	173.1
589.4	171.8
589.6	170.0
589.8	168.6
590.0	166.9
590.2	166.3
590.4	165.2
590.6	164.1
590.8	162.4
591.0	161.9
591.2	160.9
591.4	160.2
591.6	159.3
591.8	158.3
592.0	156.9
592.2	156.2
592.4	154.9
592.6	153.2
592.8	151.6
593.0	150.6
593.2	149.7
593.4	148.5
593.6	147.8
593.8	146.3
594.0	145.9
594.2	146.1
594.4	145.9
594.6	144.5
594.8	143.3
595.0	141.2
595.2	140.5
595.4	139.9
595.6	138.7
595.8	137.9
596.0	137.5
596.2	136.5
596.4	136.1
596.6	135.6
596.8	134.5
597.0	133.0
597.2	131.9
597.4	130.5
597.6	129.5
597.8	128.8
598.0	128.0
598.2	126.7
598.4	126.1
598.6	125.5
598.8	124.7
599.0	124.1
599.2	123.2
599.4	122.5
599.6	122.1
599.8	121.4
600.0	120.5
600.2	119.8
600.4	118.6
600.6	117.6
600.8	117.0
601.0	116.2
601.2	115.2
601.4	114.6
601.6	113.6
601.8	113.1
602.0	112.4
602.2	111.3
602.4	110.1
602.6	109.6
602.8	108.6
603.0	108.0
603.2	107.3
603.4	106.4
603.6	105.1
603.8	104.3
604.0	103.5
604.2	102.9
604.4	102.8
604.6	102.5
604.8	101.5
605.0	100.9
605.2	100.4
605.4	99.74
605.6	99.43
605.8	98.83
606.0	97.87
606.2	96.97
606.4	96.22
606.6	95.35
606.8	94.81
607.0	94.31
607.2	93.66
607.4	93.01
607.6	92.48
607.8	91.97
608.0	91.52
608.2	90.74
608.4	89.99
608.6	89.14
608.8	88.19
609.0	87.88
609.2	87.52
609.4	87.00
609.6	86.36
609.8	85.36
610.0	84.28
610.2	83.50
610.4	83.14
610.6	83.29
610.8	83.01
611.0	82.31
611.2	81.69
611.4	80.71
611.6	80.15
611.8	79.65
612.0	78.98
612.2	78.31
612.4	77.99
612.6	77.41
612.8	76.68
613.0	76.15
613.2	75.67
613.4	75.23
613.6	74.57
613.8	73.94
614.0	73.10
614.2	72.79
614.4	72.67
614.6	72.23
614.8	71.44
615.0	70.78
615.2	69.98
615.4	69.32
615.6	69.26
615.8	69.09
616.0	68.91
616.2	68.67
616.4	68.21
616.6	67.55
616.8	67.28
617.0	66.70
617.2	66.12
617.4	65.58
617.6	64.95
617.8	64.34
618.0	63.90
618.2	63.40
618.4	63.00
618.6	62.92
618.8	62.54
619.0	62.01
619.2	61.39
619.4	60.94
619.6	60.62
619.8	60.36
620.0	60.08
620.2	59.61
620.4	58.84
620.6	58.49
620.8	58.27
621.0	57.81
621.2	57.43
621.4	56.84
621.6	56.01
621.8	55.56
622.0	55.45
622.2	55.15
622.4	54.87
622.6	54.82
622.8	54.15
623.0	53.62
623.2	53.44
623.4	53.03
623.6	52.77
623.8	52.76
624.0	51.96
624.2	51.50
624.4	51.22
624.6	50.94
624.8	50.69
625.0	50.47
625.2	49.85
625.4	49.51
625.6	49.15
625.8	48.80
626.0	48.25
626.2	47.80
626.4	47.59
626.6	47.40
626.8	47.11
627.0	46.61
627.2	46.05
627.4	45.61
627.6	45.42
627.8	44.99
628.0	44.75
628.2	44.19
628.4	44.16
628.6	43.98
628.8	43.73
629.0	43.52
629.2	43.35
629.4	42.89
629.6	42.51
629.8	41.88
630.0	41.38
630.2	41.18
630.4	41.09
630.6	41.08
630.8	40.78
631.0	40.40
631.2	40.04
631.4	39.70
631.6	39.45
631.8	39.22
632.0	38.80
632.2	38.37
632.4	38.15
632.6	38.11
632.8	37.75
633.0	37.42
633.2	36.92
633.4	36.62
633.6	36.46
633.8	36.49
634.0	36.19
634.2	36.06
634.4	35.90
634.6	35.57
634.8	35.36
635.0	35.23
635.2	35.10
635.4	34.87
635.6	34.62
635.8	34.03
636.0	33.61
636.2	33.44
636.4	33.16
636.6	33.15
636.8	33.07
637.0	32.85
637.2	32.61
637.4	32.16
637.6	31.73
637.8	31.55
638.0	31.38
638.2	31.32
638.4	31.25
638.6	30.98
638.8	30.82
639.0	30.62
639.2	30.39
639.4	30.12
639.6	29.78
639.8	29.64
640.0	29.44
640.2	29.04
640.4	28.65
640.6	28.32
640.8	28.08
641.0	28.15
641.2	28.19
641.4	28.04
641.6	27.90
641.8	27.50
642.0	27.09
642.2	26.78
642.4	26.56
642.6	26.58
642.8	26.56
643.0	26.56
643.2	26.35
643.4	26.13
643.6	26.01
643.8	25.90
644.0	25.48
644.2	25.30
644.4	24.82
644.6	24.33
644.8	24.33
645.0	24.38
645.2	24.23
645.4	24.28
645.6	24.14
645.8	23.95
646.0	23.95
646.2	23.82
646.4	23.35
646.6	23.14
646.8	22.85
647.0	22.77
647.2	22.64
647.4	22.78
647.6	22.38
647.8	22.27
648.0	22.15
648.2	22.06
648.4	21.63
648.6	21.63
648.8	21.42
649.0	21.29
649.2	21.25
649.4	21.27
649.6	20.87
649.8	20.67
650.0	20.56
650.2	20.40
650.4	20.12
650.6	19.97
650.8	19.84
651.0	19.80
651.2	19.70
651.4	19.68
651.6	19.44
651.8	19.22
652.0	19.09
652.2	19.06
652.4	18.84
652.6	18.83
652.8	18.75
653.0	18.65
653.2	18.44
653.4	18.36
653.6	18.14
653.8	18.15
654.0	17.95
654.2	17.92
654.4	17.74
654.6	17.56
654.8	17.35
655.0	17.45
655.2	17.38
655.4	17.41
655.6	17.23
655.8	17.11
656.0	16.82
656.2	16.75
656.4	16.46
656.6	16.27
656.8	16.14
657.0	16.11
657.2	15.94
657.4	15.95
657.6	15.75
657.8	15.85
658.0	15.93
658.2	15.74
658.4	15.50
658.6	15.44
658.8	15.16
659.0	15.04
659.2	14.98
659.4	14.71
659.6	14.58
659.8	14.58
660.0	14.54
660.2	14.44
660.4	14.45
660.6	14.32
660.8	14.19
661.0	14.08
661.2	14.10
661.4	13.92
661.6	13.82
661.8	13.75
662.0	13.54
662.2	13.49
662.4	13.46
662.6	13.23
662.8	13.11
663.0	13.06
663.2	12.92
663.4	13.05
663.6	13.01
663.8	12.86
664.0	12.80
664.2	12.59
664.4	12.40
664.6	12.46
664.8	12.39
665.0	12.42
665.2	12.35
665.4	12.14
665.6	11.95
665.8	11.96
666.0	11.92
666.2	11.93
666.4	11.70
666.6	11.71
666.8	11.57
667.0	11.54
667.2	11.45
667.4	11.36
667.6	11.29
667.8	11.34
668.0	11.25
668.2	11.15
668.4	11.00
668.6	10.81
668.8	10.80
669.0	10.77
669.2	10.84
669.4	10.78
669.6	10.70
669.8	10.47
670.0	10.30
670.2	10.24
670.4	10.25
670.6	10.18
670.8	10.04
671.0	9.962
671.2	9.843
671.4	9.835
671.6	9.909
671.8	9.971
672.0	9.865
672.2	9.843
672.4	9.650
672.6	9.581
672.8	9.522
673.0	9.451
673.2	9.434
673.4	9.338
673.6	9.369
673.8	9.279
674.0	9.134
674.2	9.065
674.4	9.018
674.6	8.915
674.8	8.938
675.0	8.847
675.2	8.761
675.4	8.771
675.6	8.571
675.8	8.358
676.0	8.308
676.2	8.378
676.4	8.368
676.6	8.467
676.8	8.520
677.0	8.518
677.2	8.544
677.4	8.403
677.6	8.148
677.8	8.062
678.0	8.094
678.2	8.153
678.4	7.987
678.6	7.779
678.8	7.652
679.0	7.728
679.2	7.786
679.4	7.844
679.6	7.668
679.8	7.592
680.0	7.557
680.2	7.573
680.4	7.632
680.6	7.564
680.8	7.551
681.0	7.411
681.2	7.336
681.4	7.363
681.6	7.442
681.8	7.400
682.0	7.297
682.2	7.117
682.4	6.906
682.6	7.014
682.8	7.016
683.0	6.963
683.2	6.892
683.4	6.901
683.6	6.645
683.8	6.708
684.0	6.629
684.2	6.633
684.4	6.684
684.6	6.760
684.8	6.672
685.0	6.678
685.2	6.581
685.4	6.561
685.6	6.515
685.8	6.539
686.0	6.502
686.2	6.490
686.4	6.404
686.6	6.320
686.8	6.314
687.0	6.406
687.2	6.397
687.4	6.456
687.6	6.443
687.8	6.350
688.0	6.338
688.2	6.365
688.4	6.273
688.6	6.150
688.8	6.039
689.0	5.916
689.2	5.868
689.4	5.852
689.6	5.847
689.8	5.893
690.0	5.929
690.2	5.972
690.4	5.942
690.6	5.931
690.8	5.921
691.0	5.988
691.2	5.936
691.4	5.850
691.6	5.701
691.8	5.746
692.0	5.737
692.2	5.736
692.4	5.693
692.6	5.636
692.8	5.514
693.0	5.510
693.2	5.434
693.4	5.380
693.6	5.497
693.8	5.620
694.0	5.630
694.2	5.580
694.4	5.473
694.6	5.404
694.8	5.466
695.0	5.567
695.2	5.567
695.4	5.555
695.6	5.531
695.8	5.473
696.0	5.377
696.2	5.280
696.4	5.130
696.6	5.143
696.8	5.194
697.0	5.346
697.2	5.392
697.4	5.399
697.6	5.230
697.8	5.208
698.0	5.099
698.2	5.137
698.4	5.172
698.6	5.295
698.8	5.319
699.0	5.282
699.2	5.163
699.4	5.042
699.6	4.986
699.8	5.006
700.0	5.133
700.2	5.144
700.4	5.110
700.6	5.077
700.8	4.935
701.0	4.914
701.2	4.917
701.4	5.087
701.6	5.101
701.8	5.236
702.0	5.147
702.2	5.074
702.4	5.011
702.6	4.966
702.8	4.923
703.0	4.898
703.2	4.826
703.4	4.801
703.6	4.884
703.8	4.925
704.0	4.969
704.2	4.889
704.4	4.841
704.6	4.801
704.8	4.797
705.0	4.782
705.2	4.703
705.4	4.708
705.6	4.659
705.8	4.665
706.0	4.642
706.2	4.629
706.4	4.575
706.6	4.680
706.8	4.628
707.0	4.627
707.2	4.612
707.4	4.619
707.6	4.467
707.8	4.459
708.0	4.390
708.2	4.397
708.4	4.402
708.6	4.444
708.8	4.398
709.0	4.411
709.2	4.444
709.4	4.467
709.6	4.384
709.8	4.349
710.0	4.360
710.2	4.394
710.4	4.366
710.6	4.329
710.8	4.244
711.0	4.197
711.2	4.169
711.4	4.093
711.6	3.991
711.8	3.950
712.0	3.987
712.2	4.059
712.4	4.105
712.6	4.053
712.8	3.965
713.0	3.973
713.2	3.992
713.4	4.047
713.6	4.076
713.8	3.978
714.0	3.828
714.2	3.806
714.4	3.738
714.6	3.761
714.8	3.783
715.0	3.788
715.2	3.821
715.4	3.843
715.6	3.739
715.8	3.688
716.0	3.651
716.2	3.640
716.4	3.666
716.6	3.668
716.8	3.570
717.0	3.608
717.2	3.631
717.4	3.658
717.6	3.648
717.8	3.608
718.0	3.502
718.2	3.444
718.4	3.434
718.6	3.486
718.8	3.495
719.0	3.494
719.2	3.457
719.4	3.403
719.6	3.399
719.8	3.456
720.0	3.387
720.2	3.349
720.4	3.327
720.6	3.334
720.8	3.277
721.0	3.327
721.2	3.253
721.4	3.215
721.6	3.187
721.8	3.193
722.0	3.143
722.2	3.164
722.4	3.183
722.6	3.145
722.8	3.164
723.0	3.215
723.2	3.207
723.4	3.159
723.6	3.141
723.8	3.109
724.0	3.087
724.2	3.099
724.4	3.081
724.6	3.037
724.8	3.025
725.0	3.042
725.2	3.014
725.4	3.026
725.6	3.001
725.8	2.987
726.0	2.994
726.2	2.975
726.4	2.954
726.6	2.993
726.8	2.948
727.0	2.913
727.2	2.876
727.4	2.848
727.6	2.855
727.8	2.956
728.0	2.992
728.2	2.937
728.4	2.822
728.6	2.738
728.8	2.689
729.0	2.732
729.2	2.814
729.4	2.867
729.6	2.862
729.8	2.874
730.0	2.829
730.2	2.854
730.4	2.882
730.6	2.870
730.8	2.833
731.0	2.862
731.2	2.833
731.4	2.845
731.6	2.863
731.8	2.837
732.0	2.850
732.2	2.834
732.4	2.790
732.6	2.788
732.8	2.770
733.0	2.820
733.2	2.881
733.4	2.876
733.6	2.817
733.8	2.798
734.0	2.776
734.2	2.771
734.4	2.741
734.6	2.729
734.8	2.719
735.0	2.795
735.2	2.901
735.4	2.848
735.6	2.789
735.8	2.740
736.0	2.721
736.2	2.733
736.4	2.732
736.6	2.700
736.8	2.721
737.0	2.787
737.2	2.811
737.4	2.809
737.6	2.773
737.8	2.787
738.0	2.740
738.2	2.751
738.4	2.785
738.6	2.802
738.8	2.771
739.0	2.816
739.2	2.744
739.4	2.712
739.6	2.706
739.8	2.722
740.0	2.737
740.2	2.786
740.4	2.770
740.6	2.799
740.8	2.759
741.0	2.758
741.2	2.737
741.4	2.709
741.6	2.725
741.8	2.748
742.0	2.741
742.2	2.786
742.4	2.794
742.6	2.786
742.8	2.750
743.0	2.704
743.2	2.686
743.4	2.638
743.6	2.653
743.8	2.743
744.0	2.749
744.2	2.805
744.4	2.831
744.6	2.718
744.8	2.662
745.0	2.736
745.2	2.720
745.4	2.723
745.6	2.795
745.8	2.783
746.0	2.833
746.2	2.837
746.4	2.745
746.6	2.717
746.8	2.761
747.0	2.765
747.2	2.811
747.4	2.822
747.6	2.744
747.8	2.789
748.0	2.839
748.2	2.892
748.4	2.800
748.6	2.771
748.8	2.661
749.0	2.690
749.2	2.746
749.4	2.803
749.6	2.779
749.8	2.826
750.0	2.834
750.2	2.890
750.4	2.902
750.6	2.950
750.8	2.929
751.0	2.942
751.2	2.904
751.4	2.863
751.6	2.828
751.8	2.945
752.0	2.922
752.2	2.845
752.4	2.785
752.6	2.775
752.8	2.812
753.0	2.880
753.2	2.931
753.4	2.900
753.6	2.889
753.8	2.906
754.0	2.927
754.2	2.922
754.4	2.970
754.6	2.956
754.8	2.963
755.0	2.933
755.2	2.937
755.4	3.020
755.6	3.106
755.8	3.116
756.0	3.139
756.2	3.068
756.4	2.971
756.6	2.969
756.8	3.086
757.0	3.145
757.2	3.176
757.4	3.114
757.6	2.956
757.8	3.000
758.0	3.076
758.2	3.198
758.4	3.227
758.6	3.207
758.8	3.163
759.0	3.204
759.2	3.151
759.4	3.132
759.6	3.096
759.8	3.096
760.0	3.098
760.2	3.121
760.4	3.221
760.6	3.234
760.8	3.313
761.0	3.382
761.2	3.268
761.4	3.281
761.6	3.368
761.8	3.388
762.0	3.452
762.2	3.526
762.4	3.433
762.6	3.423
762.8	3.375
763.0	3.430
763.2	3.503
763.4	3.580
763.6	3.563
763.8	3.540
764.0	3.494
764.2	3.533
764.4	3.552
764.6	3.547
764.8	3.537
765.0	3.660
765.2	3.705
765.4	3.716
765.6	3.706
765.8	3.641
766.0	3.625
766.2	3.652
766.4	3.649
766.6	3.637
766.8	3.691
767.0	3.730
767.2	3.753
767.4	3.814
767.6	3.937
767.8	4.004
768.0	3.958
768.2	3.943
768.4	3.880
768.6	4.016
768.8	4.129
769.0	4.143
769.2	4.014
769.4	4.017
769.6	4.022
769.8	4.139
770.0	4.258
770.2	4.273
770.4	4.219
770.6	4.183
770.8	4.168
771.0	4.207
771.2	4.376
771.4	4.491
771.6	4.526
771.8	4.482
772.0	4.453
772.2	4.451
772.4	4.503
772.6	4.569
772.8	4.686
773.0	4.723
773.2	4.674
773.4	4.627
773.6	4.639
773.8	4.650
774.0	4.795
774.2	4.803
774.4	4.739
774.6	4.789
774.8	4.942
775.0	5.002
775.2	5.113
775.4	5.070
775.6	5.009
775.8	5.053
776.0	5.127
776.2	5.219
776.4	5.313
776.6	5.366
776.8	5.377
777.0	5.315
777.2	5.191
777.4	5.228
777.6	5.367
777.8	5.503
778.0	5.648
778.2	5.783
778.4	5.837
778.6	5.928
778.8	5.898
779.0	5.867
779.2	5.893
779.4	5.939
779.6	6.025
779.8	6.176
780.0	6.156
780.2	6.205
780.4	6.171
780.6	6.147
780.8	6.268
781.0	6.372
781.2	6.517
781.4	6.575
781.6	6.548
781.8	6.559
782.0	6.630
782.2	6.682
782.4	6.795
782.6	6.825
782.8	6.941
783.0	6.955
783.2	7.055
783.4	7.180
783.6	7.229
783.8	7.299
784.0	7.332
784.2	7.263
784.4	7.374
784.6	7.559
784.8	7.782
785.0	7.984
785.2	8.011
785.4	8.018
785.6	8.158
785.8	8.281
786.0	8.424
786.2	8.459
786.4	8.436
786.6	8.440
786.8	8.625
787.0	8.790
787.2	8.935
787.4	9.074
787.6	9.076
787.8	9.108
788.0	9.271
788.2	9.386
788.4	9.434
788.6	9.452
788.8	9.418
789.0	9.593
789.2	9.797
789.4	10.06
789.6	10.11
789.8	10.13
790.0	10.09
790.2	10.09
790.4	10.16
790.6	10.39
790.8	10.52
791.0	10.70
791.2	10.86
791.4	10.88
791.6	11.07
791.8	11.20
792.0	11.39
792.2	11.48
792.4	11.65
792.6	11.65
792.8	11.85
793.0	12.07
793.2	12.19
793.4	12.14
793.6	12.11
793.8	12.14
794.0	12.37
794.2	12.63
794.4	12.83
794.6	12.99
794.8	13.05
795.0	13.27
795.2	13.27
795.4	13.29
795.6	13.36
795.8	13.52
796.0	13.75
796.2	14.16
796.4	14.21
796.6	14.51
796.8	14.61
797.0	14.67
797.2	14.70
797.4	14.96
797.6	15.11
797.8	15.41
798.0	15.57
798.2	15.71
798.4	15.65
798.6	15.86
798.8	16.11
799.0	16.27
799.2	16.43
799.4	16.68
799.6	16.81
799.8	16.96
800.0	17.18

