nm    	Abs   
500.00 	0.120 
499.00 	0.120 
498.00 	0.120 
497.00 	0.121 
496.00 	0.121 
495.00 	0.122 
494.00 	0.122 
493.00 	0.123 
492.00 	0.123 
491.00 	0.123 
490.00 	0.123 
489.00 	0.124 
488.00 	0.123 
487.00 	0.124 
486.00 	0.124 
485.00 	0.126 
484.00 	0.126 
483.00 	0.127 
482.00 	0.127 
481.00 	0.128 
480.00 	0.128 
479.00 	0.129 
478.00 	0.129 
477.00 	0.130 
476.00 	0.129 
475.00 	0.129 
474.00 	0.130 
473.00 	0.131 
472.00 	0.131 
471.00 	0.133 
470.00 	0.133 
469.00 	0.133 
468.00 	0.133 
467.00 	0.134 
466.00 	0.134 
465.00 	0.134 
464.00 	0.134 
463.00 	0.135 
462.00 	0.135 
461.00 	0.136 
460.00 	0.137 
459.00 	0.137 
458.00 	0.138 
457.00 	0.139 
456.00 	0.139 
455.00 	0.139 
454.00 	0.140 
453.00 	0.140 
452.00 	0.140 
451.00 	0.141 
450.00 	0.142 
449.00 	0.142 
448.00 	0.142 
447.00 	0.144 
446.00 	0.144 
445.00 	0.144 
444.00 	0.144 
443.00 	0.144 
442.00 	0.143 
441.00 	0.144 
440.00 	0.145 
439.00 	0.144 
438.00 	0.145 
437.00 	0.146 
436.00 	0.146 
435.00 	0.146 
434.00 	0.146 
433.00 	0.147 
432.00 	0.146 
431.00 	0.146 
430.00 	0.147 
429.00 	0.146 
428.00 	0.146 
427.00 	0.147 
426.00 	0.148 
425.00 	0.148 
424.00 	0.148 
423.00 	0.149 
422.00 	0.148 
421.00 	0.148 
420.00 	0.149 
419.00 	0.149 
418.00 	0.150 
417.00 	0.151 
416.00 	0.151 
415.00 	0.152 
414.00 	0.152 
413.00 	0.152 
412.00 	0.153 
411.00 	0.154 
410.00 	0.155 
409.00 	0.156 
408.00 	0.157 
407.00 	0.158 
406.00 	0.159 
405.00 	0.160 
404.00 	0.161 
403.00 	0.162 
402.00 	0.163 
401.00 	0.165 
400.00 	0.167 
399.00 	0.168 
398.00 	0.170 
397.00 	0.172 
396.00 	0.174 
395.00 	0.176 
394.00 	0.178 
393.00 	0.180 
392.00 	0.183 
391.00 	0.187 
390.00 	0.189 
389.00 	0.192 
388.00 	0.196 
387.00 	0.199 
386.00 	0.201 
385.00 	0.205 
384.00 	0.209 
383.00 	0.214 
382.00 	0.218 
381.00 	0.222 
380.00 	0.226 
379.00 	0.231 
378.00 	0.234 
377.00 	0.239 
376.00 	0.245 
375.00 	0.250 
374.00 	0.254 
373.00 	0.260 
372.00 	0.265 
371.00 	0.269 
370.00 	0.274 
369.00 	0.280 
368.00 	0.285 
367.00 	0.291 
366.00 	0.296 
365.00 	0.302 
364.00 	0.307 
363.00 	0.312 
362.00 	0.317 
361.00 	0.347 
360.00 	0.352 
359.00 	0.356 
358.00 	0.361 
357.00 	0.366 
356.00 	0.370 
355.00 	0.376 
354.00 	0.380 
353.00 	0.384 
352.00 	0.387 
351.00 	0.391 
350.00 	0.395 
349.00 	0.398 
348.00 	0.401 
347.00 	0.404 
346.00 	0.406 
345.00 	0.407 
344.00 	0.408 
343.00 	0.409 
342.00 	0.410 
341.00 	0.410 
340.00 	0.409 
339.00 	0.408 
338.00 	0.406 
337.00 	0.403 
336.00 	0.402 
335.00 	0.400 
334.00 	0.396 
333.00 	0.393 
332.00 	0.390 
331.00 	0.387 
330.00 	0.383 
329.00 	0.379 
328.00 	0.375 
327.00 	0.369 
326.00 	0.364 
325.00 	0.360 
324.00 	0.355 
323.00 	0.350 
322.00 	0.344 
321.00 	0.338 
320.00 	0.332 
319.00 	0.327 
318.00 	0.322 
317.00 	0.318 
316.00 	0.312 
315.00 	0.307 
314.00 	0.302 
313.00 	0.297 
312.00 	0.292 
311.00 	0.288 
310.00 	0.284 
309.00 	0.280 
308.00 	0.276 
307.00 	0.272 
306.00 	0.269 
305.00 	0.266 
304.00 	0.264 
303.00 	0.261 
302.00 	0.258 
301.00 	0.256 
300.00 	0.254 
299.00 	0.252 
298.00 	0.251 
297.00 	0.249 
296.00 	0.249 
295.00 	0.248 
294.00 	0.247 
293.00 	0.245 
292.00 	0.245 
291.00 	0.245 
290.00 	0.245 
289.00 	0.245 
288.00 	0.245 
287.00 	0.245 
286.00 	0.246 
285.00 	0.247 
284.00 	0.248 
283.00 	0.250 
282.00 	0.251 
281.00 	0.252 
280.00 	0.254 
279.00 	0.257 
278.00 	0.260 
277.00 	0.264 
276.00 	0.267 
275.00 	0.269 
274.00 	0.273 
273.00 	0.278 
272.00 	0.283 
271.00 	0.289 
270.00 	0.295 
269.00 	0.302 
268.00 	0.309 
267.00 	0.317 
266.00 	0.326 
265.00 	0.337 
264.00 	0.349 
263.00 	0.364 
262.00 	0.379 
261.00 	0.395 
260.00 	0.415 
259.00 	0.436 
258.00 	0.460 
257.00 	0.488 
256.00 	0.517 
255.00 	0.546 
254.00 	0.580 
253.00 	0.613 
252.00 	0.647 
251.00 	0.679 
250.00 	0.711 
249.00 	0.742 
248.00 	0.772 
247.00 	0.801 
246.00 	0.829 
245.00 	0.854 
244.00 	0.880 
243.00 	0.902 
242.00 	0.923 
241.00 	0.938 
240.00 	0.948 
239.00 	0.959 
238.00 	0.968 
237.00 	0.971 
236.00 	0.974 
235.00 	0.976 
234.00 	0.973 
233.00 	0.971 
232.00 	0.965 
231.00 	0.958 
230.00 	0.950 
229.00 	0.942 
228.00 	0.934 
227.00 	0.924 
226.00 	0.913 
225.00 	0.905 
224.00 	0.893 
223.00 	0.883 
222.00 	0.874 
221.00 	0.862 
220.00 	0.851 
219.00 	0.838 
218.00 	0.827 
217.00 	0.811 
216.00 	0.794 
215.00 	0.775 
214.00 	0.756 
213.00 	0.733 
212.00 	0.705 
211.00 	0.669 
210.00 	0.625 
209.00 	0.571 
208.00 	0.506 
207.00 	0.427 
206.00 	0.325 
205.00 	0.201 
204.00 	0.051 
203.00 	-0.135 
202.00 	-0.370 
201.00 	-0.637 
200.00 	-0.908 
199.00 	-1.136 
198.00 	-1.233 
197.00 	-1.262 
196.00 	-1.145 
195.00 	-1.058 
194.00 	-0.974 
193.00 	-0.830 
192.00 	-0.663 
191.00 	-0.505 
190.00 	-0.314 
