nm    	Abs   
500.00 	0.080 
499.00 	0.081 
498.00 	0.080 
497.00 	0.080 
496.00 	0.081 
495.00 	0.081 
494.00 	0.081 
493.00 	0.081 
492.00 	0.082 
491.00 	0.082 
490.00 	0.082 
489.00 	0.083 
488.00 	0.083 
487.00 	0.082 
486.00 	0.083 
485.00 	0.084 
484.00 	0.084 
483.00 	0.084 
482.00 	0.086 
481.00 	0.086 
480.00 	0.085 
479.00 	0.086 
478.00 	0.087 
477.00 	0.086 
476.00 	0.087 
475.00 	0.088 
474.00 	0.089 
473.00 	0.089 
472.00 	0.090 
471.00 	0.091 
470.00 	0.091 
469.00 	0.092 
468.00 	0.093 
467.00 	0.094 
466.00 	0.094 
465.00 	0.095 
464.00 	0.096 
463.00 	0.097 
462.00 	0.098 
461.00 	0.100 
460.00 	0.101 
459.00 	0.102 
458.00 	0.103 
457.00 	0.105 
456.00 	0.106 
455.00 	0.107 
454.00 	0.109 
453.00 	0.110 
452.00 	0.111 
451.00 	0.112 
450.00 	0.114 
449.00 	0.115 
448.00 	0.115 
447.00 	0.116 
446.00 	0.117 
445.00 	0.117 
444.00 	0.118 
443.00 	0.118 
442.00 	0.120 
441.00 	0.120 
440.00 	0.121 
439.00 	0.123 
438.00 	0.124 
437.00 	0.124 
436.00 	0.126 
435.00 	0.126 
434.00 	0.127 
433.00 	0.128 
432.00 	0.130 
431.00 	0.131 
430.00 	0.133 
429.00 	0.135 
428.00 	0.137 
427.00 	0.138 
426.00 	0.141 
425.00 	0.143 
424.00 	0.145 
423.00 	0.148 
422.00 	0.151 
421.00 	0.155 
420.00 	0.158 
419.00 	0.161 
418.00 	0.166 
417.00 	0.170 
416.00 	0.175 
415.00 	0.180 
414.00 	0.186 
413.00 	0.191 
412.00 	0.198 
411.00 	0.205 
410.00 	0.212 
409.00 	0.220 
408.00 	0.228 
407.00 	0.236 
406.00 	0.244 
405.00 	0.253 
404.00 	0.263 
403.00 	0.273 
402.00 	0.283 
401.00 	0.294 
400.00 	0.304 
399.00 	0.315 
398.00 	0.326 
397.00 	0.337 
396.00 	0.349 
395.00 	0.361 
394.00 	0.373 
393.00 	0.386 
392.00 	0.400 
391.00 	0.412 
390.00 	0.426 
389.00 	0.441 
388.00 	0.454 
387.00 	0.468 
386.00 	0.483 
385.00 	0.498 
384.00 	0.511 
383.00 	0.526 
382.00 	0.542 
381.00 	0.556 
380.00 	0.570 
379.00 	0.585 
378.00 	0.598 
377.00 	0.611 
376.00 	0.625 
375.00 	0.638 
374.00 	0.649 
373.00 	0.661 
372.00 	0.673 
371.00 	0.684 
370.00 	0.694 
369.00 	0.706 
368.00 	0.715 
367.00 	0.724 
366.00 	0.732 
365.00 	0.742 
364.00 	0.750 
363.00 	0.757 
362.00 	0.764 
361.00 	0.763 
360.00 	0.769 
359.00 	0.775 
358.00 	0.780 
357.00 	0.784 
356.00 	0.789 
355.00 	0.792 
354.00 	0.796 
353.00 	0.799 
352.00 	0.802 
351.00 	0.804 
350.00 	0.806 
349.00 	0.808 
348.00 	0.807 
347.00 	0.807 
346.00 	0.808 
345.00 	0.806 
344.00 	0.804 
343.00 	0.802 
342.00 	0.798 
341.00 	0.794 
340.00 	0.789 
339.00 	0.784 
338.00 	0.778 
337.00 	0.771 
336.00 	0.763 
335.00 	0.758 
334.00 	0.750 
333.00 	0.741 
332.00 	0.730 
331.00 	0.719 
330.00 	0.708 
329.00 	0.697 
328.00 	0.685 
327.00 	0.672 
326.00 	0.658 
325.00 	0.643 
324.00 	0.629 
323.00 	0.614 
322.00 	0.597 
321.00 	0.582 
320.00 	0.565 
319.00 	0.549 
318.00 	0.532 
317.00 	0.516 
316.00 	0.500 
315.00 	0.485 
314.00 	0.469 
313.00 	0.453 
312.00 	0.437 
311.00 	0.421 
310.00 	0.408 
309.00 	0.394 
308.00 	0.381 
307.00 	0.368 
306.00 	0.356 
305.00 	0.344 
304.00 	0.334 
303.00 	0.324 
302.00 	0.315 
301.00 	0.305 
300.00 	0.297 
299.00 	0.289 
298.00 	0.281 
297.00 	0.275 
296.00 	0.269 
295.00 	0.263 
294.00 	0.260 
293.00 	0.254 
292.00 	0.249 
291.00 	0.246 
290.00 	0.243 
289.00 	0.242 
288.00 	0.240 
287.00 	0.238 
286.00 	0.237 
285.00 	0.235 
284.00 	0.234 
283.00 	0.236 
282.00 	0.237 
281.00 	0.239 
280.00 	0.241 
279.00 	0.243 
278.00 	0.246 
277.00 	0.248 
276.00 	0.252 
275.00 	0.256 
274.00 	0.261 
273.00 	0.265 
272.00 	0.271 
271.00 	0.278 
270.00 	0.285 
269.00 	0.293 
268.00 	0.302 
267.00 	0.312 
266.00 	0.324 
265.00 	0.337 
264.00 	0.353 
263.00 	0.374 
262.00 	0.399 
261.00 	0.428 
260.00 	0.464 
259.00 	0.505 
258.00 	0.549 
257.00 	0.599 
256.00 	0.651 
255.00 	0.699 
254.00 	0.742 
253.00 	0.780 
252.00 	0.812 
251.00 	0.835 
250.00 	0.854 
249.00 	0.868 
248.00 	0.876 
247.00 	0.881 
246.00 	0.884 
245.00 	0.883 
244.00 	0.881 
243.00 	0.877 
242.00 	0.874 
241.00 	0.866 
240.00 	0.859 
239.00 	0.851 
238.00 	0.842 
237.00 	0.831 
236.00 	0.823 
235.00 	0.814 
234.00 	0.804 
233.00 	0.794 
232.00 	0.784 
231.00 	0.777 
230.00 	0.769 
229.00 	0.760 
228.00 	0.754 
227.00 	0.744 
226.00 	0.736 
225.00 	0.729 
224.00 	0.723 
223.00 	0.717 
222.00 	0.712 
221.00 	0.707 
220.00 	0.700 
219.00 	0.691 
218.00 	0.680 
217.00 	0.665 
216.00 	0.647 
215.00 	0.625 
214.00 	0.603 
213.00 	0.573 
212.00 	0.540 
211.00 	0.501 
210.00 	0.456 
209.00 	0.395 
208.00 	0.318 
207.00 	0.224 
206.00 	0.095 
205.00 	-0.061 
204.00 	-0.233 
203.00 	-0.444 
202.00 	-0.700 
201.00 	-0.955 
200.00 	-1.193 
199.00 	-1.369 
198.00 	-1.437 
197.00 	-1.412 
196.00 	-1.316 
195.00 	-1.239 
194.00 	-1.092 
193.00 	-0.940 
192.00 	-0.771 
191.00 	-0.596 
190.00 	-0.380 
