nm    	Abs   
500.00 	0.111 
499.00 	0.113 
498.00 	0.113 
497.00 	0.114 
496.00 	0.115 
495.00 	0.116 
494.00 	0.117 
493.00 	0.119 
492.00 	0.120 
491.00 	0.121 
490.00 	0.121 
489.00 	0.123 
488.00 	0.124 
487.00 	0.125 
486.00 	0.127 
485.00 	0.129 
484.00 	0.129 
483.00 	0.131 
482.00 	0.133 
481.00 	0.134 
480.00 	0.136 
479.00 	0.138 
478.00 	0.141 
477.00 	0.142 
476.00 	0.144 
475.00 	0.146 
474.00 	0.148 
473.00 	0.151 
472.00 	0.153 
471.00 	0.156 
470.00 	0.158 
469.00 	0.161 
468.00 	0.164 
467.00 	0.166 
466.00 	0.168 
465.00 	0.172 
464.00 	0.176 
463.00 	0.179 
462.00 	0.182 
461.00 	0.186 
460.00 	0.189 
459.00 	0.193 
458.00 	0.197 
457.00 	0.201 
456.00 	0.205 
455.00 	0.209 
454.00 	0.213 
453.00 	0.216 
452.00 	0.219 
451.00 	0.222 
450.00 	0.227 
449.00 	0.230 
448.00 	0.233 
447.00 	0.235 
446.00 	0.238 
445.00 	0.240 
444.00 	0.242 
443.00 	0.244 
442.00 	0.247 
441.00 	0.249 
440.00 	0.251 
439.00 	0.254 
438.00 	0.255 
437.00 	0.256 
436.00 	0.258 
435.00 	0.260 
434.00 	0.261 
433.00 	0.263 
432.00 	0.264 
431.00 	0.265 
430.00 	0.266 
429.00 	0.267 
428.00 	0.267 
427.00 	0.268 
426.00 	0.269 
425.00 	0.270 
424.00 	0.270 
423.00 	0.270 
422.00 	0.270 
421.00 	0.269 
420.00 	0.269 
419.00 	0.268 
418.00 	0.267 
417.00 	0.267 
416.00 	0.265 
415.00 	0.264 
414.00 	0.263 
413.00 	0.262 
412.00 	0.260 
411.00 	0.258 
410.00 	0.256 
409.00 	0.254 
408.00 	0.252 
407.00 	0.251 
406.00 	0.249 
405.00 	0.246 
404.00 	0.244 
403.00 	0.242 
402.00 	0.238 
401.00 	0.236 
400.00 	0.234 
399.00 	0.230 
398.00 	0.227 
397.00 	0.225 
396.00 	0.223 
395.00 	0.219 
394.00 	0.216 
393.00 	0.213 
392.00 	0.210 
391.00 	0.207 
390.00 	0.204 
389.00 	0.202 
388.00 	0.198 
387.00 	0.195 
386.00 	0.193 
385.00 	0.190 
384.00 	0.187 
383.00 	0.184 
382.00 	0.182 
381.00 	0.179 
380.00 	0.176 
379.00 	0.174 
378.00 	0.171 
377.00 	0.169 
376.00 	0.168 
375.00 	0.166 
374.00 	0.164 
373.00 	0.162 
372.00 	0.160 
371.00 	0.158 
370.00 	0.156 
369.00 	0.156 
368.00 	0.153 
367.00 	0.153 
366.00 	0.151 
365.00 	0.149 
364.00 	0.147 
363.00 	0.146 
362.00 	0.145 
361.00 	0.173 
360.00 	0.173 
359.00 	0.172 
358.00 	0.170 
357.00 	0.169 
356.00 	0.169 
355.00 	0.168 
354.00 	0.168 
353.00 	0.167 
352.00 	0.166 
351.00 	0.166 
350.00 	0.166 
349.00 	0.165 
348.00 	0.164 
347.00 	0.164 
346.00 	0.165 
345.00 	0.165 
344.00 	0.165 
343.00 	0.166 
342.00 	0.165 
341.00 	0.165 
340.00 	0.165 
339.00 	0.165 
338.00 	0.166 
337.00 	0.167 
336.00 	0.167 
335.00 	0.166 
334.00 	0.166 
333.00 	0.167 
332.00 	0.167 
331.00 	0.167 
330.00 	0.167 
329.00 	0.168 
328.00 	0.168 
327.00 	0.169 
326.00 	0.169 
325.00 	0.170 
324.00 	0.171 
323.00 	0.171 
322.00 	0.172 
321.00 	0.173 
320.00 	0.175 
319.00 	0.177 
318.00 	0.179 
317.00 	0.181 
316.00 	0.183 
315.00 	0.186 
314.00 	0.189 
313.00 	0.193 
312.00 	0.199 
311.00 	0.205 
310.00 	0.211 
309.00 	0.218 
308.00 	0.227 
307.00 	0.237 
306.00 	0.247 
305.00 	0.257 
304.00 	0.268 
303.00 	0.278 
302.00 	0.288 
301.00 	0.298 
300.00 	0.310 
299.00 	0.320 
298.00 	0.331 
297.00 	0.341 
296.00 	0.351 
295.00 	0.361 
294.00 	0.370 
293.00 	0.377 
292.00 	0.384 
291.00 	0.389 
290.00 	0.392 
289.00 	0.395 
288.00 	0.396 
287.00 	0.398 
286.00 	0.399 
285.00 	0.400 
284.00 	0.401 
283.00 	0.402 
282.00 	0.405 
281.00 	0.409 
280.00 	0.414 
279.00 	0.416 
278.00 	0.414 
277.00 	0.410 
276.00 	0.411 
275.00 	0.416 
274.00 	0.425 
273.00 	0.436 
272.00 	0.447 
271.00 	0.457 
270.00 	0.469 
269.00 	0.483 
268.00 	0.497 
267.00 	0.512 
266.00 	0.528 
265.00 	0.544 
264.00 	0.559 
263.00 	0.572 
262.00 	0.583 
261.00 	0.589 
260.00 	0.594 
259.00 	0.595 
258.00 	0.594 
257.00 	0.590 
256.00 	0.585 
255.00 	0.579 
254.00 	0.574 
253.00 	0.569 
252.00 	0.564 
251.00 	0.560 
250.00 	0.557 
249.00 	0.555 
248.00 	0.553 
247.00 	0.554 
246.00 	0.555 
245.00 	0.558 
244.00 	0.563 
243.00 	0.570 
242.00 	0.580 
241.00 	0.591 
240.00 	0.608 
239.00 	0.628 
238.00 	0.652 
237.00 	0.682 
236.00 	0.719 
235.00 	0.758 
234.00 	0.804 
233.00 	0.849 
232.00 	0.892 
231.00 	0.921 
230.00 	0.938 
229.00 	0.946 
228.00 	0.944 
227.00 	0.935 
226.00 	0.926 
225.00 	0.919 
224.00 	0.908 
223.00 	0.896 
222.00 	0.886 
221.00 	0.876 
220.00 	0.864 
219.00 	0.853 
218.00 	0.842 
217.00 	0.822 
216.00 	0.802 
215.00 	0.780 
214.00 	0.756 
213.00 	0.727 
212.00 	0.693 
211.00 	0.656 
210.00 	0.608 
209.00 	0.550 
208.00 	0.473 
207.00 	0.377 
206.00 	0.250 
205.00 	0.096 
204.00 	-0.075 
203.00 	-0.289 
202.00 	-0.543 
201.00 	-0.797 
200.00 	-1.033 
199.00 	-1.213 
198.00 	-1.278 
197.00 	-1.255 
196.00 	-1.161 
195.00 	-1.087 
194.00 	-0.939 
193.00 	-0.788 
192.00 	-0.631 
191.00 	-0.461 
190.00 	-0.259 
