nm    	Abs  
500.00 	0.054 
499.00 	0.055 
498.00 	0.054 
497.00 	0.055 
496.00 	0.056 
495.00 	0.056 
494.00 	0.055 
493.00 	0.056 
492.00 	0.056 
491.00 	0.056 
490.00 	0.056 
489.00 	0.057 
488.00 	0.057 
487.00 	0.056 
486.00 	0.057 
485.00 	0.058 
484.00 	0.058 
483.00 	0.058 
482.00 	0.059 
481.00 	0.059 
480.00 	0.059 
479.00 	0.059 
478.00 	0.060 
477.00 	0.060 
476.00 	0.060 
475.00 	0.061 
474.00 	0.062 
473.00 	0.062 
472.00 	0.063 
471.00 	0.063 
470.00 	0.064 
469.00 	0.065 
468.00 	0.065 
467.00 	0.066 
466.00 	0.066 
465.00 	0.067 
464.00 	0.069 
463.00 	0.069 
462.00 	0.070 
461.00 	0.071 
460.00 	0.073 
459.00 	0.074 
458.00 	0.074 
457.00 	0.076 
456.00 	0.077 
455.00 	0.078 
454.00 	0.080 
453.00 	0.080 
452.00 	0.081 
451.00 	0.082 
450.00 	0.084 
449.00 	0.084 
448.00 	0.085 
447.00 	0.086 
446.00 	0.087 
445.00 	0.087 
444.00 	0.088 
443.00 	0.088 
442.00 	0.089 
441.00 	0.089 
440.00 	0.090 
439.00 	0.091 
438.00 	0.092 
437.00 	0.093 
436.00 	0.094 
435.00 	0.095 
434.00 	0.096 
433.00 	0.097 
432.00 	0.098 
431.00 	0.100 
430.00 	0.101 
429.00 	0.102 
428.00 	0.104 
427.00 	0.106 
426.00 	0.108 
425.00 	0.110 
424.00 	0.112 
423.00 	0.115 
422.00 	0.118 
421.00 	0.121 
420.00 	0.124 
419.00 	0.127 
418.00 	0.131 
417.00 	0.136 
416.00 	0.139 
415.00 	0.144 
414.00 	0.149 
413.00 	0.154 
412.00 	0.160 
411.00 	0.167 
410.00 	0.173 
409.00 	0.180 
408.00 	0.187 
407.00 	0.195 
406.00 	0.203 
405.00 	0.211 
404.00 	0.220 
403.00 	0.229 
402.00 	0.238 
401.00 	0.249 
400.00 	0.259 
399.00 	0.270 
398.00 	0.280 
397.00 	0.293 
396.00 	0.305 
395.00 	0.316 
394.00 	0.329 
393.00 	0.342 
392.00 	0.357 
391.00 	0.371 
390.00 	0.386 
389.00 	0.402 
388.00 	0.417 
387.00 	0.432 
386.00 	0.449 
385.00 	0.465 
384.00 	0.481 
383.00 	0.499 
382.00 	0.517 
381.00 	0.535 
380.00 	0.552 
379.00 	0.570 
378.00 	0.587 
377.00 	0.604 
376.00 	0.620 
375.00 	0.638 
374.00 	0.654 
373.00 	0.670 
372.00 	0.686 
371.00 	0.703 
370.00 	0.717 
369.00 	0.733 
368.00 	0.748 
367.00 	0.762 
366.00 	0.774 
365.00 	0.788 
364.00 	0.801 
363.00 	0.814 
362.00 	0.827 
361.00 	0.857 
360.00 	0.868 
359.00 	0.879 
358.00 	0.889 
357.00 	0.899 
356.00 	0.908 
355.00 	0.916 
354.00 	0.925 
353.00 	0.931 
352.00 	0.939 
351.00 	0.945 
350.00 	0.949 
349.00 	0.952 
348.00 	0.954 
347.00 	0.956 
346.00 	0.956 
345.00 	0.953 
344.00 	0.951 
343.00 	0.947 
342.00 	0.941 
341.00 	0.933 
340.00 	0.926 
339.00 	0.915 
338.00 	0.904 
337.00 	0.893 
336.00 	0.879 
335.00 	0.863 
334.00 	0.850 
333.00 	0.834 
332.00 	0.816 
331.00 	0.798 
330.00 	0.779 
329.00 	0.760 
328.00 	0.740 
327.00 	0.719 
326.00 	0.700 
325.00 	0.679 
324.00 	0.658 
323.00 	0.636 
322.00 	0.614 
321.00 	0.592 
320.00 	0.569 
319.00 	0.547 
318.00 	0.529 
317.00 	0.509 
316.00 	0.489 
315.00 	0.468 
314.00 	0.449 
313.00 	0.429 
312.00 	0.411 
311.00 	0.393 
310.00 	0.376 
309.00 	0.360 
308.00 	0.345 
307.00 	0.331 
306.00 	0.316 
305.00 	0.305 
304.00 	0.293 
303.00 	0.281 
302.00 	0.270 
301.00 	0.260 
300.00 	0.250 
299.00 	0.242 
298.00 	0.234 
297.00 	0.227 
296.00 	0.220 
295.00 	0.215 
294.00 	0.210 
293.00 	0.205 
292.00 	0.200 
291.00 	0.197 
290.00 	0.193 
289.00 	0.191 
288.00 	0.189 
287.00 	0.187 
286.00 	0.185 
285.00 	0.183 
284.00 	0.183 
283.00 	0.183 
282.00 	0.184 
281.00 	0.186 
280.00 	0.188 
279.00 	0.190 
278.00 	0.193 
277.00 	0.196 
276.00 	0.199 
275.00 	0.203 
274.00 	0.207 
273.00 	0.212 
272.00 	0.218 
271.00 	0.225 
270.00 	0.232 
269.00 	0.240 
268.00 	0.249 
267.00 	0.259 
266.00 	0.272 
265.00 	0.287 
264.00 	0.305 
263.00 	0.327 
262.00 	0.355 
261.00 	0.389 
260.00 	0.432 
259.00 	0.481 
258.00 	0.539 
257.00 	0.607 
256.00 	0.682 
255.00 	0.761 
254.00 	0.842 
253.00 	0.922 
252.00 	0.998 
251.00 	1.068 
250.00 	1.129 
249.00 	1.181 
248.00 	1.225 
247.00 	1.264 
246.00 	1.296 
245.00 	1.319 
244.00 	1.336 
243.00 	1.347 
242.00 	1.351 
241.00 	1.350 
240.00 	1.344 
239.00 	1.334 
238.00 	1.320 
237.00 	1.305 
236.00 	1.289 
235.00 	1.275 
234.00 	1.259 
233.00 	1.244 
232.00 	1.231 
231.00 	1.223 
230.00 	1.216 
229.00 	1.210 
228.00 	1.207 
227.00 	1.209 
226.00 	1.216 
225.00 	1.229 
224.00 	1.249 
223.00 	1.275 
222.00 	1.310 
221.00 	1.351 
220.00 	1.398 
219.00 	1.447 
218.00 	1.498 
217.00 	1.550 
216.00 	1.603 
215.00 	1.644 
214.00 	1.687 
213.00 	1.733 
212.00 	1.759 
211.00 	1.779 
210.00 	1.783 
209.00 	1.776 
208.00 	1.728 
207.00 	1.659 
206.00 	1.574 
205.00 	1.430 
204.00 	1.262 
203.00 	1.053 
202.00 	0.848 
201.00 	0.632 
200.00 	0.427 
199.00 	0.245 
198.00 	0.167 
197.00 	0.194 
196.00 	0.230 
195.00 	0.264 
194.00 	0.346 
193.00 	0.438 
192.00 	0.467 
191.00 	0.502 
190.00 	0.566 
