Sample:	'20211010A(EM)
File name:	R-Ni-CDS-CHO-100-S2- 20h.FDS
Run date:	'09:05:45, 03/23/2023
Operator:	Administrator
Comment:	'

Instrument
Model:	F-4700 FL Spectrophotometer
Serial number:	2019-001
ROM Version:	5J24010 00

Instrument parameters
Measurement type:	Wavelength scan
Scan mode:	Emission
Data mode:	Fluorescence
EX WL:	530.0 nm
EM  Start WL:	550.0 nm
EM  End WL:	900.0 nm
Scan speed:	1200 nm/min
Delay:	0.0 s
EX Slit:	10.0 nm
EM Slit:	10.0 nm
PMT Voltage:	660 V
Response:	0.002 s
Corrected spectra:	Off
Shutter control:	On

Processing performed
Savitsky-Golay smoothed
Smoothing order:	3
Number of points:	7
Number of times:	1

Peak integration
Integration method:	Rectangular
Sensitivity:	1
Threshold:	1.000

Peaks
No.	Start(nm)	Apex(nm)	End(nm)	Height(Data)	Valley(nm)	Valley(Data)
1	550.0	614.0	614.6	2216	614.6	2196
2	614.6	615.8	617.4	2223	617.4	2207
3	617.4	619.2	621.0	2224	621.0	2208
4	621.0	621.8	732.2	2225	732.2	156.3
5	732.2	733.0	747.4	163.8	747.4	96.30
6	747.4	748.2	767.4	101.1	767.4	50.21
7	767.4	768.2	775.8	52.75	775.8	39.65
8	775.8	776.2	777.8	41.38	777.8	37.25
9	777.8	778.2	780.6	40.14	780.6	33.94
10	780.6	782.0	786.2	36.57	786.2	29.71
11	786.2	787.8	790.8	33.04	790.8	26.40
12	790.8	791.8	795.0	30.09	795.0	26.05
13	795.0	795.8	797.0	27.96	797.0	24.80
14	797.0	799.2	801.0	26.64	801.0	23.66
15	801.0	801.6	805.6	24.86	805.6	19.95
16	805.6	807.2	809.6	25.20	809.6	19.66
17	809.6	810.4	812.8	21.32	812.8	18.22
18	812.8	813.6	815.0	21.41	815.0	17.90
19	815.0	815.8	816.6	18.95	816.6	16.76
20	816.6	817.4	818.8	19.43	818.8	17.36
21	818.8	819.2	821.4	18.98	821.4	15.73
22	821.4	822.0	823.4	17.57	823.4	14.96
23	823.4	825.6	826.4	16.56	826.4	13.73
24	826.4	827.0	829.4	14.95	829.4	13.53
25	829.4	830.2	831.8	14.68	831.8	12.07
26	831.8	832.4	837.0	13.16	837.0	9.939
27	837.0	838.6	843.8	11.16	843.8	7.891
28	843.8	844.4	846.6	8.900	846.6	6.510
29	846.6	847.6	850.2	8.352	850.2	6.879
30	850.2	851.8	852.6	7.994	852.6	6.145
31	852.6	854.4	857.0	7.761	857.0	6.001
32	857.0	859.4	863.0	7.301	863.0	5.751
33	863.0	867.0	868.8	6.980	868.8	5.764
34	868.8	869.4	873.2	6.933	873.2	5.494
35	873.2	874.0	876.2	7.182	876.2	5.890
36	876.2	877.2	878.2	7.270	878.2	5.617
37	878.2	879.4	880.2	6.921	880.2	5.827
38	880.2	881.8	886.4	6.943	886.4	5.787
39	886.4	888.4	892.0	7.295	892.0	4.773
40	892.0	893.6	894.4	6.724	894.4	5.621

Data points
nm	Data
550.0	269.4
550.2	272.6
550.4	274.8
550.6	277.1
550.8	283.7
551.0	286.0
551.2	287.2
551.4	286.9
551.6	283.7
551.8	282.6
552.0	285.9
552.2	290.5
552.4	291.9
552.6	295.7
552.8	298.5
553.0	298.3
553.2	298.2
553.4	299.7
553.6	303.3
553.8	307.3
554.0	312.8
554.2	312.4
554.4	312.5
554.6	313.6
554.8	315.6
555.0	317.1
555.2	323.6
555.4	326.7
555.6	332.1
555.8	336.9
556.0	338.9
556.2	342.3
556.4	345.2
556.6	344.7
556.8	347.0
557.0	351.2
557.2	356.0
557.4	362.2
557.6	367.9
557.8	367.2
558.0	367.2
558.2	369.3
558.4	370.8
558.6	374.8
558.8	381.8
559.0	382.3
559.2	387.8
559.4	394.3
559.6	396.9
559.8	400.8
560.0	408.3
560.2	405.3
560.4	407.8
560.6	405.4
560.8	405.3
561.0	412.2
561.2	424.8
561.4	431.9
561.6	437.9
561.8	439.1
562.0	442.2
562.2	448.4
562.4	452.9
562.6	454.1
562.8	457.2
563.0	460.3
563.2	465.5
563.4	473.8
563.6	480.8
563.8	483.2
564.0	488.8
564.2	491.5
564.4	493.9
564.6	495.8
564.8	499.0
565.0	503.1
565.2	513.4
565.4	523.4
565.6	530.1
565.8	531.8
566.0	529.9
566.2	533.9
566.4	543.9
566.6	550.2
566.8	555.9
567.0	558.5
567.2	563.3
567.4	569.1
567.6	578.1
567.8	587.2
568.0	594.6
568.2	599.9
568.4	603.1
568.6	603.3
568.8	611.3
569.0	615.6
569.2	627.0
569.4	634.1
569.6	639.9
569.8	645.4
570.0	656.9
570.2	663.5
570.4	669.0
570.6	668.9
570.8	671.6
571.0	672.8
571.2	680.9
571.4	688.5
571.6	694.9
571.8	699.5
572.0	707.6
572.2	716.0
572.4	725.0
572.6	733.8
572.8	753.0
573.0	761.9
573.2	769.5
573.4	770.1
573.6	766.6
573.8	769.8
574.0	780.8
574.2	787.9
574.4	799.5
574.6	808.8
574.8	811.0
575.0	817.1
575.2	821.4
575.4	829.2
575.6	841.8
575.8	854.2
576.0	859.2
576.2	868.0
576.4	870.8
576.6	879.2
576.8	886.5
577.0	897.9
577.2	904.2
577.4	913.0
577.6	914.2
577.8	922.5
578.0	931.4
578.2	940.8
578.4	949.1
578.6	952.6
578.8	957.5
579.0	969.3
579.2	973.9
579.4	978.5
579.6	989.5
579.8	997.0
580.0	1012
580.2	1026
580.4	1038
580.6	1044
580.8	1050
581.0	1055
581.2	1064
581.4	1071
581.6	1086
581.8	1093
582.0	1093
582.2	1102
582.4	1110
582.6	1119
582.8	1131
583.0	1147
583.2	1153
583.4	1165
583.6	1168
583.8	1173
584.0	1181
584.2	1194
584.4	1202
584.6	1211
584.8	1216
585.0	1221
585.2	1230
585.4	1239
585.6	1249
585.8	1258
586.0	1271
586.2	1284
586.4	1295
586.6	1308
586.8	1321
587.0	1327
587.2	1335
587.4	1343
587.6	1344
587.8	1353
588.0	1361
588.2	1368
588.4	1384
588.6	1393
588.8	1397
589.0	1402
589.2	1411
589.4	1422
589.6	1437
589.8	1450
590.0	1458
590.2	1458
590.4	1466
590.6	1478
590.8	1493
591.0	1509
591.2	1517
591.4	1518
591.6	1529
591.8	1544
592.0	1550
592.2	1554
592.4	1558
592.6	1563
592.8	1578
593.0	1595
593.2	1597
593.4	1608
593.6	1613
593.8	1622
594.0	1634
594.2	1643
594.4	1651
594.6	1669
594.8	1679
595.0	1688
595.2	1696
595.4	1693
595.6	1690
595.8	1690
596.0	1698
596.2	1709
596.4	1725
596.6	1737
596.8	1749
597.0	1752
597.2	1756
597.4	1758
597.6	1763
597.8	1772
598.0	1790
598.2	1804
598.4	1813
598.6	1820
598.8	1825
599.0	1826
599.2	1838
599.4	1846
599.6	1856
599.8	1870
600.0	1873
600.2	1868
600.4	1873
600.6	1876
600.8	1886
601.0	1901
601.2	1908
601.4	1915
601.6	1918
601.8	1928
602.0	1928
602.2	1930
602.4	1942
602.6	1956
602.8	1961
603.0	1974
603.2	1978
603.4	1978
603.6	1986
603.8	1987
604.0	1982
604.2	1989
604.4	1999
604.6	2013
604.8	2025
605.0	2035
605.2	2042
605.4	2048
605.6	2058
605.8	2059
606.0	2057
606.2	2060
606.4	2063
606.6	2066
606.8	2079
607.0	2076
607.2	2084
607.4	2080
607.6	2088
607.8	2088
608.0	2094
608.2	2101
608.4	2107
608.6	2095
608.8	2106
609.0	2105
609.2	2115
609.4	2130
609.6	2140
609.8	2140
610.0	2153
610.2	2149
610.4	2150
610.6	2145
610.8	2147
611.0	2149
611.2	2162
611.4	2163
611.6	2168
611.8	2171
612.0	2179
612.2	2178
612.4	2177
612.6	2178
612.8	2177
613.0	2179
613.2	2189
613.4	2188
613.6	2200
613.8	2215
614.0	2216
614.2	2212
614.4	2205
614.6	2196
614.8	2199
615.0	2197
615.2	2199
615.4	2204
615.6	2214
615.8	2223
616.0	2222
616.2	2213
616.4	2213
616.6	2219
616.8	2222
617.0	2222
617.2	2215
617.4	2207
617.6	2209
617.8	2218
618.0	2220
618.2	2218
618.4	2216
618.6	2215
618.8	2214
619.0	2221
619.2	2224
619.4	2223
619.6	2223
619.8	2218
620.0	2212
620.2	2214
620.4	2216
620.6	2219
620.8	2210
621.0	2208
621.2	2209
621.4	2211
621.6	2221
621.8	2225
622.0	2213
622.2	2215
622.4	2211
622.6	2210
622.8	2218
623.0	2217
623.2	2215
623.4	2211
623.6	2198
623.8	2193
624.0	2187
624.2	2188
624.4	2190
624.6	2186
624.8	2177
625.0	2171
625.2	2171
625.4	2175
625.6	2173
625.8	2168
626.0	2167
626.2	2168
626.4	2178
626.6	2173
626.8	2172
627.0	2165
627.2	2162
627.4	2161
627.6	2164
627.8	2157
628.0	2147
628.2	2143
628.4	2135
628.6	2138
628.8	2131
629.0	2131
629.2	2123
629.4	2117
629.6	2116
629.8	2117
630.0	2108
630.2	2114
630.4	2111
630.6	2103
630.8	2090
631.0	2089
631.2	2083
631.4	2087
631.6	2085
631.8	2087
632.0	2081
632.2	2077
632.4	2063
632.6	2054
632.8	2046
633.0	2047
633.2	2044
633.4	2028
633.6	2021
633.8	2020
634.0	2019
634.2	2025
634.4	2029
634.6	2025
634.8	2008
635.0	2005
635.2	1989
635.4	1985
635.6	1988
635.8	1988
636.0	1975
636.2	1970
636.4	1965
636.6	1964
636.8	1967
637.0	1963
637.2	1954
637.4	1934
637.6	1927
637.8	1924
638.0	1922
638.2	1922
638.4	1925
638.6	1918
638.8	1919
639.0	1911
639.2	1903
639.4	1892
639.6	1885
639.8	1873
640.0	1863
640.2	1853
640.4	1849
640.6	1845
640.8	1854
641.0	1854
641.2	1854
641.4	1848
641.6	1837
641.8	1827
642.0	1817
642.2	1804
642.4	1800
642.6	1794
642.8	1785
643.0	1782
643.2	1777
643.4	1772
643.6	1773
643.8	1772
644.0	1765
644.2	1760
644.4	1745
644.6	1731
644.8	1725
645.0	1727
645.2	1733
645.4	1727
645.6	1708
645.8	1694
646.0	1683
646.2	1684
646.4	1683
646.6	1678
646.8	1675
647.0	1668
647.2	1659
647.4	1655
647.6	1637
647.8	1628
648.0	1625
648.2	1625
648.4	1623
648.6	1621
648.8	1608
649.0	1604
649.2	1596
649.4	1596
649.6	1594
649.8	1593
650.0	1586
650.2	1579
650.4	1576
650.6	1566
650.8	1558
651.0	1548
651.2	1542
651.4	1530
651.6	1528
651.8	1519
652.0	1512
652.2	1506
652.4	1506
652.6	1501
652.8	1496
653.0	1486
653.2	1476
653.4	1469
653.6	1463
653.8	1457
654.0	1459
654.2	1452
654.4	1448
654.6	1434
654.8	1420
655.0	1414
655.2	1405
655.4	1402
655.6	1404
655.8	1397
656.0	1391
656.2	1396
656.4	1384
656.6	1377
656.8	1368
657.0	1364
657.2	1358
657.4	1359
657.6	1349
657.8	1333
658.0	1321
658.2	1318
658.4	1308
658.6	1307
658.8	1299
659.0	1294
659.2	1293
659.4	1291
659.6	1282
659.8	1279
660.0	1264
660.2	1257
660.4	1251
660.6	1243
660.8	1239
661.0	1235
661.2	1228
661.4	1230
661.6	1227
661.8	1221
662.0	1214
662.2	1208
662.4	1205
662.6	1206
662.8	1198
663.0	1189
663.2	1183
663.4	1176
663.6	1169
663.8	1165
664.0	1158
664.2	1151
664.4	1148
664.6	1140
664.8	1134
665.0	1126
665.2	1123
665.4	1119
665.6	1115
665.8	1103
666.0	1093
666.2	1087
666.4	1081
666.6	1082
666.8	1080
667.0	1073
667.2	1069
667.4	1066
667.6	1060
667.8	1060
668.0	1061
668.2	1060
668.4	1053
668.6	1040
668.8	1031
669.0	1014
669.2	1010
669.4	1013
669.6	1015
669.8	1013
670.0	1006
670.2	994.3
670.4	987.5
670.6	984.7
670.8	985.2
671.0	981.2
671.2	972.2
671.4	967.4
671.6	962.8
671.8	958.9
672.0	953.0
672.2	943.7
672.4	940.1
672.6	940.6
672.8	937.5
673.0	932.7
673.2	922.5
673.4	912.8
673.6	914.8
673.8	917.4
674.0	912.8
674.2	901.4
674.4	889.4
674.6	879.8
674.8	874.6
675.0	870.5
675.2	869.4
675.4	868.3
675.6	863.8
675.8	858.3
676.0	853.3
676.2	850.0
676.4	848.2
676.6	846.2
676.8	842.9
677.0	839.6
677.2	834.8
677.4	828.5
677.6	821.6
677.8	815.5
678.0	812.6
678.2	812.3
678.4	804.3
678.6	799.5
678.8	796.4
679.0	789.7
679.2	785.0
679.4	781.7
679.6	773.0
679.8	766.8
680.0	762.8
680.2	758.5
680.4	757.6
680.6	759.9
680.8	754.9
681.0	746.0
681.2	740.4
681.4	736.5
681.6	733.1
681.8	731.7
682.0	726.9
682.2	726.4
682.4	725.0
682.6	723.8
682.8	714.5
683.0	704.4
683.2	697.7
683.4	695.3
683.6	688.7
683.8	687.9
684.0	681.3
684.2	676.0
684.4	673.4
684.6	668.5
684.8	662.0
685.0	661.9
685.2	662.6
685.4	659.9
685.6	657.1
685.8	648.5
686.0	641.3
686.2	639.3
686.4	634.9
686.6	633.5
686.8	632.3
687.0	626.6
687.2	627.1
687.4	623.3
687.6	617.4
687.8	617.1
688.0	610.9
688.2	600.8
688.4	599.3
688.6	592.3
688.8	592.5
689.0	592.6
689.2	592.3
689.4	588.2
689.6	589.3
689.8	591.3
690.0	593.3
690.2	589.2
690.4	584.7
690.6	571.1
690.8	562.3
691.0	558.3
691.2	561.2
691.4	562.3
691.6	560.3
691.8	551.4
692.0	547.3
692.2	542.4
692.4	540.5
692.6	537.3
692.8	533.6
693.0	532.6
693.2	531.8
693.4	530.2
693.6	522.4
693.8	520.0
694.0	512.8
694.2	512.8
694.4	507.4
694.6	507.2
694.8	505.0
695.0	506.1
695.2	505.9
695.4	509.7
695.6	507.5
695.8	504.3
696.0	499.4
696.2	490.9
696.4	485.9
696.6	483.6
696.8	480.5
697.0	474.0
697.2	475.2
697.4	469.0
697.6	465.8
697.8	463.4
698.0	461.2
698.2	458.1
698.4	458.7
698.6	456.8
698.8	458.2
699.0	461.8
699.2	460.0
699.4	455.1
699.6	450.6
699.8	446.6
700.0	440.0
700.2	442.6
700.4	441.6
700.6	441.3
700.8	442.6
701.0	434.6
701.2	426.1
701.4	426.1
701.6	425.3
701.8	424.2
702.0	423.1
702.2	416.5
702.4	414.7
702.6	412.6
702.8	408.2
703.0	406.1
703.2	408.5
703.4	408.9
703.6	411.7
703.8	406.2
704.0	402.7
704.2	402.7
704.4	402.4
704.6	400.1
704.8	394.5
705.0	386.2
705.2	382.7
705.4	383.8
705.6	382.6
705.8	383.1
706.0	377.6
706.2	374.8
706.4	371.5
706.6	372.2
706.8	373.7
707.0	370.5
707.2	366.3
707.4	366.0
707.6	365.3
707.8	364.6
708.0	362.1
708.2	355.1
708.4	351.8
708.6	351.3
708.8	352.8
709.0	352.7
709.2	350.2
709.4	347.0
709.6	340.4
709.8	341.0
710.0	339.1
710.2	339.9
710.4	341.6
710.6	340.7
710.8	335.9
711.0	330.8
711.2	326.8
711.4	324.1
711.6	323.7
711.8	326.1
712.0	328.6
712.2	321.0
712.4	320.8
712.6	317.1
712.8	315.3
713.0	315.9
713.2	313.9
713.4	309.7
713.6	308.8
713.8	307.4
714.0	306.9
714.2	307.1
714.4	304.2
714.6	300.0
714.8	296.8
715.0	292.2
715.2	288.9
715.4	286.8
715.6	288.1
715.8	287.4
716.0	288.8
716.2	287.9
716.4	288.9
716.6	287.0
716.8	283.1
717.0	277.5
717.2	272.4
717.4	270.5
717.6	272.6
717.8	274.4
718.0	274.7
718.2	272.6
718.4	269.0
718.6	267.2
718.8	262.9
719.0	257.0
719.2	253.5
719.4	251.3
719.6	252.9
719.8	254.7
720.0	255.6
720.2	252.8
720.4	248.6
720.6	245.9
720.8	244.2
721.0	245.9
721.2	244.8
721.4	242.3
721.6	241.3
721.8	242.9
722.0	240.3
722.2	240.8
722.4	236.4
722.6	232.7
722.8	230.7
723.0	229.4
723.2	225.8
723.4	222.1
723.6	220.5
723.8	220.5
724.0	220.5
724.2	219.9
724.4	219.7
724.6	216.3
724.8	214.9
725.0	213.0
725.2	212.6
725.4	212.7
725.6	213.7
725.8	212.9
726.0	211.0
726.2	203.4
726.4	201.1
726.6	200.9
726.8	201.6
727.0	204.9
727.2	204.6
727.4	199.3
727.6	197.2
727.8	196.1
728.0	193.4
728.2	194.7
728.4	191.2
728.6	185.1
728.8	182.7
729.0	181.5
729.2	181.3
729.4	183.8
729.6	184.0
729.8	180.7
730.0	177.0
730.2	173.7
730.4	172.8
730.6	173.1
730.8	172.8
731.0	172.3
731.2	171.6
731.4	170.5
731.6	169.1
731.8	166.6
732.0	159.3
732.2	156.3
732.4	157.0
732.6	159.7
732.8	162.6
733.0	163.8
733.2	163.0
733.4	159.7
733.6	157.7
733.8	155.2
734.0	153.1
734.2	149.7
734.4	149.3
734.6	148.6
734.8	152.2
735.0	154.6
735.2	153.1
735.4	150.1
735.6	146.1
735.8	144.8
736.0	146.1
736.2	148.6
736.4	146.5
736.6	145.0
736.8	143.0
737.0	140.2
737.2	140.3
737.4	140.0
737.6	137.8
737.8	134.2
738.0	132.3
738.2	129.8
738.4	130.7
738.6	130.4
738.8	128.8
739.0	128.4
739.2	129.6
739.4	130.3
739.6	129.7
739.8	128.3
740.0	126.0
740.2	125.3
740.4	125.4
740.6	126.0
740.8	126.8
741.0	125.6
741.2	123.5
741.4	119.2
741.6	116.5
741.8	116.3
742.0	116.4
742.2	117.7
742.4	119.0
742.6	118.2
742.8	118.3
743.0	116.0
743.2	112.6
743.4	109.9
743.6	107.5
743.8	107.3
744.0	108.3
744.2	109.3
744.4	111.1
744.6	109.8
744.8	109.1
745.0	107.7
745.2	104.9
745.4	104.7
745.6	105.7
745.8	106.4
746.0	107.5
746.2	106.2
746.4	104.8
746.6	103.0
746.8	101.5
747.0	100.7
747.2	98.82
747.4	96.30
747.6	96.40
747.8	98.46
748.0	100.5
748.2	101.1
748.4	101.1
748.6	97.57
748.8	96.09
749.0	97.31
749.2	96.89
749.4	94.01
749.6	92.47
749.8	91.54
750.0	92.16
750.2	93.61
750.4	92.07
750.6	90.82
750.8	89.10
751.0	89.78
751.2	89.51
751.4	90.08
751.6	89.74
751.8	90.24
752.0	87.65
752.2	85.90
752.4	84.13
752.6	83.62
752.8	84.22
753.0	84.51
753.2	82.28
753.4	81.08
753.6	80.18
753.8	79.91
754.0	79.53
754.2	77.65
754.4	76.49
754.6	77.28
754.8	78.89
755.0	79.73
755.2	79.92
755.4	77.53
755.6	74.98
755.8	75.51
756.0	76.24
756.2	75.30
756.4	75.41
756.6	75.04
756.8	74.02
757.0	75.09
757.2	73.84
757.4	72.85
757.6	73.36
757.8	73.42
758.0	73.75
758.2	72.35
758.4	70.91
758.6	71.62
758.8	73.01
759.0	72.91
759.2	71.85
759.4	69.14
759.6	68.28
759.8	67.65
760.0	67.92
760.2	68.54
760.4	68.07
760.6	67.41
760.8	66.58
761.0	65.73
761.2	65.39
761.4	64.97
761.6	64.18
761.8	63.32
762.0	62.01
762.2	61.87
762.4	62.48
762.6	62.01
762.8	62.17
763.0	59.95
763.2	58.39
763.4	57.02
763.6	58.62
763.8	59.77
764.0	60.75
764.2	59.28
764.4	58.99
764.6	57.64
764.8	57.81
765.0	56.75
765.2	56.42
765.4	55.76
765.6	55.15
765.8	55.92
766.0	56.48
766.2	55.62
766.4	55.33
766.6	54.02
766.8	51.14
767.0	50.78
767.2	50.60
767.4	50.21
767.6	51.75
767.8	52.61
768.0	52.72
768.2	52.75
768.4	52.27
768.6	50.43
768.8	50.06
769.0	49.45
769.2	50.03
769.4	50.40
769.6	50.18
769.8	49.49
770.0	48.53
770.2	48.31
770.4	48.02
770.6	48.39
770.8	48.22
771.0	47.54
771.2	46.22
771.4	46.77
771.6	45.30
771.8	44.93
772.0	44.57
772.2	43.36
772.4	43.38
772.6	44.87
772.8	44.31
773.0	44.53
773.2	44.18
773.4	44.59
773.6	44.66
773.8	43.69
774.0	43.06
774.2	42.93
774.4	42.78
774.6	43.10
774.8	42.60
775.0	41.12
775.2	40.66
775.4	40.52
775.6	40.11
775.8	39.65
776.0	40.61
776.2	41.38
776.4	41.36
776.6	40.80
776.8	39.75
777.0	38.87
777.2	37.99
777.4	37.39
777.6	37.62
777.8	37.25
778.0	38.90
778.2	40.14
778.4	39.82
778.6	38.76
778.8	37.51
779.0	36.44
779.2	36.42
779.4	35.47
779.6	36.44
779.8	36.15
780.0	35.72
780.2	36.10
780.4	35.24
780.6	33.94
780.8	35.13
781.0	34.31
781.2	35.31
781.4	35.84
781.6	36.05
781.8	36.25
782.0	36.57
782.2	35.59
782.4	35.05
782.6	33.15
782.8	32.74
783.0	33.10
783.2	34.05
783.4	34.63
783.6	33.98
783.8	32.84
784.0	33.56
784.2	33.41
784.4	32.66
784.6	32.39
784.8	32.45
785.0	31.91
785.2	32.20
785.4	31.79
785.6	30.81
785.8	30.84
786.0	30.98
786.2	29.71
786.4	30.06
786.6	31.11
786.8	30.78
787.0	30.88
787.2	31.05
787.4	31.40
787.6	32.09
787.8	33.04
788.0	31.70
788.2	29.98
788.4	28.90
788.6	28.85
788.8	28.98
789.0	29.39
789.2	28.57
789.4	28.24
789.6	28.60
789.8	29.16
790.0	29.56
790.2	28.63
790.4	27.00
790.6	26.50
790.8	26.40
791.0	26.54
791.2	27.50
791.4	28.33
791.6	29.18
791.8	30.09
792.0	28.87
792.2	27.60
792.4	27.72
792.6	27.31
792.8	28.01
793.0	28.10
793.2	26.90
793.4	26.35
793.6	27.12
793.8	26.91
794.0	28.06
794.2	27.88
794.4	26.99
794.6	26.98
794.8	26.81
795.0	26.05
795.2	26.87
795.4	27.82
795.6	27.64
795.8	27.96
796.0	27.09
796.2	25.26
796.4	24.89
796.6	25.46
796.8	25.08
797.0	24.80
797.2	25.29
797.4	25.54
797.6	25.48
797.8	26.07
798.0	25.39
798.2	24.67
798.4	25.16
798.6	25.66
798.8	25.90
799.0	26.44
799.2	26.64
799.4	25.79
799.6	25.36
799.8	24.55
800.0	24.73
800.2	24.57
800.4	25.21
800.6	24.45
800.8	24.27
801.0	23.66
801.2	23.72
801.4	23.85
801.6	24.86
801.8	24.58
802.0	23.97
802.2	23.70
802.4	24.12
802.6	24.23
802.8	24.50
803.0	23.63
803.2	22.87
803.4	22.59
803.6	23.14
803.8	23.48
804.0	22.86
804.2	22.05
804.4	21.85
804.6	21.50
804.8	21.94
805.0	21.80
805.2	21.14
805.4	20.68
805.6	19.95
805.8	20.81
806.0	21.99
806.2	22.05
806.4	23.03
806.6	23.33
806.8	23.43
807.0	25.08
807.2	25.20
807.4	23.54
807.6	22.79
807.8	20.88
808.0	20.56
808.2	21.95
808.4	21.97
808.6	21.96
808.8	21.50
809.0	20.39
809.2	19.90
809.4	20.16
809.6	19.66
809.8	20.37
810.0	20.99
810.2	21.26
810.4	21.32
810.6	21.20
810.8	20.52
811.0	20.27
811.2	20.68
811.4	20.06
811.6	19.63
811.8	19.52
812.0	19.21
812.2	19.36
812.4	19.18
812.6	18.32
812.8	18.22
813.0	18.88
813.2	20.05
813.4	21.22
813.6	21.41
813.8	21.09
814.0	21.21
814.2	20.72
814.4	20.71
814.6	19.72
814.8	18.55
815.0	17.90
815.2	18.01
815.4	17.95
815.6	18.43
815.8	18.95
816.0	18.82
816.2	18.49
816.4	18.17
816.6	16.76
816.8	17.10
817.0	17.81
817.2	18.74
817.4	19.43
817.6	19.20
817.8	18.22
818.0	18.67
818.2	17.84
818.4	18.02
818.6	17.87
818.8	17.36
819.0	18.10
819.2	18.98
819.4	18.70
819.6	18.04
819.8	16.89
820.0	16.74
820.2	17.33
820.4	17.82
820.6	17.13
820.8	16.93
821.0	16.33
821.2	16.18
821.4	15.73
821.6	16.43
821.8	16.60
822.0	17.57
822.2	17.19
822.4	16.53
822.6	15.60
822.8	15.59
823.0	15.38
823.2	15.30
823.4	14.96
823.6	15.00
823.8	15.32
824.0	15.81
824.2	16.07
824.4	16.40
824.6	15.77
824.8	15.02
825.0	15.59
825.2	16.22
825.4	16.54
825.6	16.56
825.8	15.70
826.0	14.63
826.2	14.00
826.4	13.73
826.6	13.74
826.8	14.26
827.0	14.95
827.2	14.93
827.4	14.79
827.6	14.70
827.8	14.64
828.0	14.84
828.2	14.92
828.4	14.47
828.6	14.30
828.8	13.94
829.0	13.63
829.2	13.66
829.4	13.53
829.6	13.72
829.8	13.94
830.0	14.54
830.2	14.68
830.4	14.47
830.6	13.27
830.8	12.74
831.0	12.48
831.2	12.90
831.4	12.52
831.6	12.37
831.8	12.07
832.0	12.24
832.2	12.66
832.4	13.16
832.6	12.65
832.8	12.44
833.0	12.32
833.2	12.65
833.4	12.93
833.6	12.55
833.8	12.01
834.0	11.14
834.2	10.89
834.4	11.19
834.6	11.54
834.8	11.07
835.0	11.11
835.2	10.87
835.4	10.83
835.6	10.63
835.8	10.62
836.0	10.72
836.2	10.94
836.4	11.28
836.6	11.15
836.8	10.29
837.0	9.939
837.2	10.41
837.4	10.58
837.6	10.99
837.8	10.74
838.0	10.17
838.2	10.11
838.4	10.85
838.6	11.16
838.8	10.94
839.0	10.69
839.2	10.83
839.4	10.49
839.6	10.59
839.8	10.24
840.0	9.748
840.2	9.688
840.4	9.859
840.6	9.636
840.8	9.315
841.0	8.957
841.2	8.992
841.4	9.006
841.6	9.116
841.8	9.152
842.0	8.952
842.2	8.945
842.4	9.024
842.6	8.468
842.8	8.439
843.0	8.194
843.2	7.993
843.4	8.005
843.6	7.985
843.8	7.891
844.0	8.565
844.2	8.687
844.4	8.900
844.6	8.587
844.8	8.112
845.0	8.377
845.2	8.534
845.4	7.907
845.6	8.556
845.8	8.298
846.0	7.684
846.2	7.530
846.4	7.308
846.6	6.510
846.8	7.621
847.0	8.040
847.2	8.038
847.4	8.219
847.6	8.352
847.8	7.997
848.0	7.811
848.2	7.880
848.4	8.031
848.6	7.818
848.8	7.974
849.0	8.209
849.2	7.855
849.4	8.187
849.6	8.212
849.8	7.560
850.0	7.147
850.2	6.879
850.4	7.013
850.6	7.304
850.8	7.364
851.0	7.597
851.2	7.368
851.4	7.181
851.6	7.723
851.8	7.994
852.0	7.604
852.2	6.841
852.4	6.497
852.6	6.145
852.8	6.225
853.0	6.572
853.2	6.553
853.4	6.704
853.6	7.424
853.8	7.314
854.0	7.449
854.2	7.753
854.4	7.761
854.6	7.628
854.8	7.454
855.0	7.230
855.2	7.365
855.4	7.729
855.6	7.672
855.8	7.116
856.0	6.931
856.2	6.973
856.4	6.893
856.6	6.776
856.8	6.444
857.0	6.001
857.2	6.528
857.4	6.769
857.6	6.649
857.8	6.337
858.0	6.161
858.2	6.229
858.4	6.757
858.6	7.079
858.8	7.055
859.0	7.189
859.2	7.251
859.4	7.301
859.6	6.806
859.8	6.783
860.0	6.504
860.2	6.483
860.4	6.370
860.6	5.837
860.8	5.940
861.0	6.380
861.2	6.609
861.4	6.776
861.6	6.559
861.8	6.093
862.0	6.192
862.2	6.260
862.4	6.068
862.6	6.195
862.8	6.086
863.0	5.751
863.2	5.991
863.4	5.988
863.6	5.830
863.8	6.261
864.0	6.538
864.2	6.378
864.4	6.755
864.6	6.507
864.8	6.284
865.0	6.005
865.2	6.133
865.4	6.586
865.6	6.572
865.8	6.572
866.0	6.199
866.2	5.900
866.4	6.157
866.6	6.697
866.8	6.814
867.0	6.980
867.2	6.616
867.4	6.592
867.6	6.223
867.8	6.321
868.0	6.385
868.2	6.386
868.4	6.035
868.6	5.930
868.8	5.764
869.0	6.383
869.2	6.573
869.4	6.933
869.6	6.644
869.8	6.627
870.0	6.567
870.2	6.377
870.4	5.968
870.6	6.044
870.8	5.732
871.0	6.140
871.2	6.256
871.4	6.377
871.6	6.509
871.8	6.588
872.0	5.874
872.2	5.818
872.4	5.604
872.6	5.894
872.8	6.002
873.0	6.050
873.2	5.494
873.4	5.755
873.6	6.255
873.8	6.827
874.0	7.182
874.2	7.115
874.4	6.652
874.6	6.605
874.8	6.743
875.0	6.777
875.2	6.663
875.4	6.498
875.6	6.070
875.8	6.253
876.0	6.385
876.2	5.890
876.4	6.176
876.6	5.973
876.8	6.352
877.0	6.925
877.2	7.270
877.4	6.951
877.6	7.051
877.8	5.824
878.0	5.896
878.2	5.617
878.4	5.687
878.6	5.904
878.8	6.021
879.0	5.944
879.2	6.706
879.4	6.921
879.6	6.656
879.8	6.224
880.0	5.953
880.2	5.827
880.4	6.322
880.6	6.837
880.8	6.753
881.0	6.713
881.2	6.926
881.4	6.777
881.6	6.782
881.8	6.943
882.0	6.213
882.2	5.914
882.4	6.192
882.6	6.479
882.8	6.513
883.0	6.731
883.2	6.253
883.4	5.933
883.6	5.971
883.8	6.295
884.0	6.176
884.2	6.005
884.4	5.986
884.6	6.379
884.8	6.512
885.0	6.888
885.2	6.892
885.4	6.564
885.6	6.640
885.8	6.653
886.0	6.043
886.2	5.795
886.4	5.787
886.6	6.035
886.8	6.170
887.0	5.790
887.2	5.789
887.4	6.076
887.6	6.533
887.8	6.974
888.0	7.289
888.2	7.236
888.4	7.295
888.6	6.729
888.8	6.428
889.0	6.084
889.2	6.273
889.4	6.293
889.6	6.877
889.8	6.681
890.0	6.705
890.2	6.474
890.4	6.347
890.6	6.031
890.8	6.454
891.0	6.508
891.2	6.027
891.4	5.953
891.6	5.395
891.8	4.966
892.0	4.773
892.2	5.365
892.4	5.941
892.6	6.552
892.8	6.602
893.0	6.653
893.2	6.191
893.4	6.529
893.6	6.724
893.8	6.459
894.0	6.176
894.2	5.951
894.4	5.621
894.6	5.640
894.8	6.058
895.0	6.473
895.2	7.024
895.4	7.059
895.6	6.815
895.8	6.339
896.0	6.424
896.2	6.313
896.4	6.258
896.6	6.417
896.8	6.167
897.0	6.355
897.2	6.338
897.4	6.480
897.6	6.296
897.8	6.404
898.0	6.095
898.2	5.714
898.4	5.535
898.6	5.988
898.8	6.244
899.0	6.160
899.2	5.972
899.4	5.460
899.6	5.642
899.8	6.099
900.0	6.762

